-757.67,-757.67,-757.67,-757.67,-757.67,-757.67,-757.67,-757.67,-757.67,-757.67,-757.67,-757.67,-757.67,-757.67,-757.67,-757.67,-757.67,-757.67,-757.67,-757.67,-757.67,-757.67,-757.67,-757.67,-757.67,-757.67,-757.67,-757.67,-757.67,-757.67,-757.67,-757.67,-813.57,-813.57,-813.57,-813.57,-813.57,-813.57,-813.57,-813.57,-813.57,-813.57,-813.57,-813.57,-813.57,-813.57,-813.57,-813.57,-813.57,-813.57,-813.57,-813.57,-813.57,-813.57,-813.57,-813.57,-813.57,-813.57,-813.57,-813.57,-813.57,-813.57,-813.57,-813.57,-874.45,-874.45,-874.45,-874.45,-874.45,-874.45,-874.45,-874.45,-874.45,-874.45,-874.45,-874.45,-874.45,-874.45,-874.45,-874.45,-874.45,-874.45,-874.45,-874.45,-874.45,-874.45,-874.45,-874.45,-874.45,-874.45,-874.45,-874.45,-874.45,-874.45,-874.45,-874.45,-940.76,-940.76,-940.76,-940.76,-940.76,-940.76,-940.76,-940.76,-940.76,-940.76,-940.76,-940.76,-940.76,-940.76,-940.76,-940.76,-940.76,-940.76,-940.76,-940.76,-940.76,-940.76,-940.76,-940.76,-940.76,-940.76,-940.76,-940.76,-940.76,-940.76,-940.76,-940.76,-1013,-1013,-1013,-1013,-1013,-1013,-1013,-1013,-1013,-1013,-1013,-1013,-1013,-1013,-1013,-1013,-1013,-1013,-1013,-1013,-1013,-1013,-1013,-1013,-1013,-1013,-1013,-1013,-1013,-1013,-1013,-1013,-1091.7,-1091.7,-1091.7,-1091.7,-1091.7,-1091.7,-1091.7,-1091.7,-1091.7,-1091.7,-1091.7,-1091.7,-1091.7,-1091.7,-1091.7,-1091.7,-1091.7,-1091.7,-1091.7,-1091.7,-1091.7,-1091.7,-1091.7,-1091.7,-1091.7,-1091.7,-1091.7,-1091.7,-1091.7,-1091.7,-1091.7,-1091.7,-1177.5,-1177.5,-1177.5,-1177.5,-1177.5,-1177.5,-1177.5,-1177.5,-1177.5,-1177.5,-1177.5,-1177.5,-1177.5,-1177.5,-1177.5,-1177.5,-1177.5,-1177.5,-1177.5,-1177.5,-1177.5,-1177.5,-1177.5,-1177.5,-1177.5,-1177.5,-1177.5,-1177.5,-1177.5,-1177.5,-1177.5,-1177.5,-1270.9,-1270.9,-1270.9,-1270.9,-1270.9,-1270.9,-1270.9,-1270.9,-1270.9,-1270.9,-1270.9,-1270.9,-1270.9,-1270.9,-1270.9,-1270.9,-1270.9,-1270.9,-1270.9,-1270.9,-1270.9,-1270.9,-1270.9,-1270.9,-1270.9,-1270.9,-1270.9,-1270.9,-1270.9,-1270.9,-1270.9,-1270.9,-1372.6,-1372.6,-1372.6,-1372.6,-1372.6,-1372.6,-1372.6,-1372.6,-1372.6,-1372.6,-1372.6,-1372.6,-1372.6,-1372.6,-1372.6,-1372.6,-1372.6,-1372.6,-1372.6,-1372.6,-1372.6,-1372.6,-1372.6,-1372.6,-1372.6,-1372.6,-1372.6,-1372.6,-1372.6,-1372.6,-1372.6,-1372.6,-1483.1,-1483.1,-1483.1,-1483.1,-1483.1,-1483.1,-1483.1,-1483.1,-1483.1,-1483.1,-1483.1,-1483.1,-1483.1,-1483.1,-1483.1,-1483.1,-1483.1,-1483.1,-1483.1,-1483.1,-1483.1,-1483.1,-1483.1,-1483.1,-1483.1,-1483.1,-1483.1,-1483.1,-1483.1,-1483.1,-1483.1,-1483.1,-1603.1,-1603.1,-1603.1,-1603.1,-1603.1,-1603.1,-1603.1,-1603.1,-1603.1,-1603.1,-1603.1,-1603.1,-1603.1,-1603.1,-1603.1,-1603.1,-1603.1,-1603.1,-1603.1,-1603.1,-1603.1,-1603.1,-1603.1,-1603.1,-1603.1,-1603.1,-1603.1,-1603.1,-1603.1,-1603.1,-1603.1,-1603.1,-1733.1,-1733.1,-1733.1,-1733.1,-1733.1,-1733.1,-1733.1,-1733.1,-1733.1,-1733.1,-1733.1,-1733.1,-1733.1,-1733.1,-1733.1,-1733.1,-1733.1,-1733.1,-1733.1,-1733.1,-1733.1,-1733.1,-1733.1,-1733.1,-1733.1,-1733.1,-1733.1,-1733.1,-1733.1,-1733.1,-1733.1,-1733.1,-1873.7,-1873.7,-1873.7,-1873.7,-1873.7,-1873.7,-1873.7,-1873.7,-1873.7,-1873.7,-1873.7,-1873.7,-1873.7,-1873.7,-1873.7,-1873.7,-1873.7,-1873.7,-1873.7,-1873.7,-1873.7,-1873.7,-1873.7,-1873.7,-1873.7,-1873.7,-1873.7,-1873.7,-1873.7,-1873.7,-1873.7,-1873.7,-2025.3,-2025.3,-2025.3,-2025.3,-2025.3,-2025.3,-2025.3,-2025.3,-2025.3,-2025.3,-2025.3,-2025.3,-2025.3,-2025.3,-2025.3,-2025.3,-2025.3,-2025.3,-2025.3,-2025.3,-2025.3,-2025.3,-2025.3,-2025.3,-2025.3,-2025.3,-2025.3,-2025.3,-2025.3,-2025.3,-2025.3,-2025.3,-2188.2,-2188.2,-2188.2,-2188.2,-2188.2,-2188.2,-2188.2,-2188.2,-2188.2,-2188.2,-2188.2,-2188.2,-2188.2,-2188.2,-2188.2,-2188.2,-2188.2,-2188.2,-2188.2,-2188.2,-2188.2,-2188.2,-2188.2,-2188.2,-2188.2,-2188.2,-2188.2,-2188.2,-2188.2,-2188.2,-2188.2,-2188.2,-2362.5,-2362.5,-2362.5,-2362.5,-2362.5,-2362.5,-2362.5,-2362.5,-2362.5,-2362.5,-2362.5,-2362.5,-2362.5,-2362.5,-2362.5,-2362.5,-2362.5,-2362.5,-2362.5,-2362.5,-2362.5,-2362.5,-2362.5,-2362.5,-2362.5,-2362.5,-2362.5,-2362.5,-2362.5,-2362.5,-2362.5,-2362.5,-2547.9,-2547.9,-2547.9,-2547.9,-2547.9,-2547.9,-2547.9,-2547.9,-2547.9,-2547.9,-2547.9,-2547.9,-2547.9,-2547.9,-2547.9,-2547.9,-2547.9,-2547.9,-2547.9,-2547.9,-2547.9,-2547.9,-2547.9,-2547.9,-2547.9,-2547.9,-2547.9,-2547.9,-2547.9,-2547.9,-2547.9,-2547.9,-2744.1,-2744.1,-2744.1,-2744.1,-2744.1,-2744.1,-2744.1,-2744.1,-2744.1,-2744.1,-2744.1,-2744.1,-2744.1,-2744.1,-2744.1,-2744.1,-2744.1,-2744.1,-2744.1,-2744.1,-2744.1,-2744.1,-2744.1,-2744.1,-2744.1,-2744.1,-2744.1,-2744.1,-2744.1,-2744.1,-2744.1,-2744.1,-2950.1,-2950.1,-2950.1,-2950.1,-2950.1,-2950.1,-2950.1,-2950.1,-2950.1,-2950.1,-2950.1,-2950.1,-2950.1,-2950.1,-2950.1,-2950.1,-2950.1,-2950.1,-2950.1,-2950.1,-2950.1,-2950.1,-2950.1,-2950.1,-2950.1,-2950.1,-2950.1,-2950.1,-2950.1,-2950.1,-2950.1,-2950.1,-3164.5,-3164.5,-3164.5,-3164.5,-3164.5,-3164.5,-3164.5,-3164.5,-3164.5,-3164.5,-3164.5,-3164.5,-3164.5,-3164.5,-3164.5,-3164.5,-3164.5,-3164.5,-3164.5,-3164.5,-3164.5,-3164.5,-3164.5,-3164.5,-3164.5,-3164.5,-3164.5,-3164.5,-3164.5,-3164.5,-3164.5,-3164.5,-3385.5,-3385.5,-3385.5,-3385.5,-3385.5,-3385.5,-3385.5,-3385.5,-3385.5,-3385.5,-3385.5,-3385.5,-3385.5,-3385.5,-3385.5,-3385.5,-3385.5,-3385.5,-3385.5,-3385.5,-3385.5,-3385.5,-3385.5,-3385.5,-3385.5,-3385.5,-3385.5,-3385.5,-3385.5,-3385.5,-3385.5,-3385.5,-3610.6,-3610.6,-3610.6,-3610.6,-3610.6,-3610.6,-3610.6,-3610.6,-3610.6,-3610.6,-3610.6,-3610.6,-3610.6,-3610.6,-3610.6,-3610.6,-3610.6,-3610.6,-3610.6,-3610.6,-3610.6,-3610.6,-3610.6,-3610.6,-3610.6,-3610.6,-3610.6,-3610.6,-3610.6,-3610.6,-3610.6,-3610.6,-3836.6,-3836.6,-3836.6,-3836.6,-3836.6,-3836.6,-3836.6,-3836.6,-3836.6,-3836.6,-3836.6,-3836.6,-3836.6,-3836.6,-3836.6,-3836.6,-3836.6,-3836.6,-3836.6,-3836.6,-3836.6,-3836.6,-3836.6,-3836.6,-3836.6,-3836.6,-3836.6,-3836.6,-3836.6,-3836.6,-3836.6,-3836.6,-4059.9,-4059.9,-4059.9,-4059.9,-4059.9,-4059.9,-4059.9,-4059.9,-4059.9,-4059.9,-4059.9,-4059.9,-4059.9,-4059.9,-4059.9,-4059.9,-4059.9,-4059.9,-4059.9,-4059.9,-4059.9,-4059.9,-4059.9,-4059.9,-4059.9,-4059.9,-4059.9,-4059.9,-4059.9,-4059.9,-4059.9,-4059.9,-4276.3,-4276.3,-4276.3,-4276.3,-4276.3,-4276.3,-4276.3,-4276.3,-4276.3,-4276.3,-4276.3,-4276.3,-4276.3,-4276.3,-4276.3,-4276.3,-4276.3,-4276.3,-4276.3,-4276.3,-4276.3,-4276.3,-4276.3,-4276.3,-4276.3,-4276.3,-4276.3,-4276.3,-4276.3,-4276.3,-4276.3,-4276.3,-4480.9,-4480.9,-4480.9,-4480.9,-4480.9,-4480.9,-4480.9,-4480.9,-4480.9,-4480.9,-4480.9,-4480.9,-4480.9,-4480.9,-4480.9,-4480.9,-4480.9,-4480.9,-4480.9,-4480.9,-4480.9,-4480.9,-4480.9,-4480.9,-4480.9,-4480.9,-4480.9,-4480.9,-4480.9,-4480.9,-4480.9,-4480.9,-4668.9,-4668.9,-4668.9,-4668.9,-4668.9,-4668.9,-4668.9,-4668.9,-4668.9,-4668.9,-4668.9,-4668.9,-4668.9,-4668.9,-4668.9,-4668.9,-4668.9,-4668.9,-4668.9,-4668.9,-4668.9,-4668.9,-4668.9,-4668.9,-4668.9,-4668.9,-4668.9,-4668.9,-4668.9,-4668.9,-4668.9,-4668.9,-4835.2,-4835.2,-4835.2,-4835.2,-4835.2,-4835.2,-4835.2,-4835.2,-4835.2,-4835.2,-4835.2,-4835.2,-4835.2,-4835.2,-4835.2,-4835.2,-4835.2,-4835.2,-4835.2,-4835.2,-4835.2,-4835.2,-4835.2,-4835.2,-4835.2,-4835.2,-4835.2,-4835.2,-4835.2,-4835.2,-4835.2,-4835.2,-4975.1,-4975.1,-4975.1,-4975.1,-4975.1,-4975.1,-4975.1,-4975.1,-4975.1,-4975.1,-4975.1,-4975.1,-4975.1,-4975.1,-4975.1,-4975.1,-4975.1,-4975.1,-4975.1,-4975.1,-4975.1,-4975.1,-4975.1,-4975.1,-4975.1,-4975.1,-4975.1,-4975.1,-4975.1,-4975.1,-4975.1,-4975.1,-5084.3,-5084.3,-5084.3,-5084.3,-5084.3,-5084.3,-5084.3,-5084.3,-5084.3,-5084.3,-5084.3,-5084.3,-5084.3,-5084.3,-5084.3,-5084.3,-5084.3,-5084.3,-5084.3,-5084.3,-5084.3,-5084.3,-5084.3,-5084.3,-5084.3,-5084.3,-5084.3,-5084.3,-5084.3,-5084.3,-5084.3,-5084.3,-5159.1,-5159.1,-5159.1,-5159.1,-5159.1,-5159.1,-5159.1,-5159.1,-5159.1,-5159.1,-5159.1,-5159.1,-5159.1,-5159.1,-5159.1,-5159.1,-5159.1,-5159.1,-5159.1,-5159.1,-5159.1,-5159.1,-5159.1,-5159.1,-5159.1,-5159.1,-5159.1,-5159.1,-5159.1,-5159.1,-5159.1,-5159.1,-5197.2,-5197.2,-5197.2,-5197.2,-5197.2,-5197.2,-5197.2,-5197.2,-5197.2,-5197.2,-5197.2,-5197.2,-5197.2,-5197.2,-5197.2,-5197.2,-5197.2,-5197.2,-5197.2,-5197.2,-5197.2,-5197.2,-5197.2,-5197.2,-5197.2,-5197.2,-5197.2,-5197.2,-5197.2,-5197.2,-5197.2,-5197.2,-5197.2,-5197.2,-5197.2,-5197.2,-5197.2,-5197.2,-5197.2,-5197.2,-5197.2,-5197.2,-5197.2,-5197.2,-5197.2,-5197.2,-5197.2,-5197.2,-5197.2,-5197.2,-5197.2,-5197.2,-5197.2,-5197.2,-5197.2,-5197.2,-5197.2,-5197.2,-5197.2,-5197.2,-5197.2,-5197.2,-5197.2,-5197.2,-5159.1,-5159.1,-5159.1,-5159.1,-5159.1,-5159.1,-5159.1,-5159.1,-5159.1,-5159.1,-5159.1,-5159.1,-5159.1,-5159.1,-5159.1,-5159.1,-5159.1,-5159.1,-5159.1,-5159.1,-5159.1,-5159.1,-5159.1,-5159.1,-5159.1,-5159.1,-5159.1,-5159.1,-5159.1,-5159.1,-5159.1,-5159.1,-5084.3,-5084.3,-5084.3,-5084.3,-5084.3,-5084.3,-5084.3,-5084.3,-5084.3,-5084.3,-5084.3,-5084.3,-5084.3,-5084.3,-5084.3,-5084.3,-5084.3,-5084.3,-5084.3,-5084.3,-5084.3,-5084.3,-5084.3,-5084.3,-5084.3,-5084.3,-5084.3,-5084.3,-5084.3,-5084.3,-5084.3,-5084.3,-4975.1,-4975.1,-4975.1,-4975.1,-4975.1,-4975.1,-4975.1,-4975.1,-4975.1,-4975.1,-4975.1,-4975.1,-4975.1,-4975.1,-4975.1,-4975.1,-4975.1,-4975.1,-4975.1,-4975.1,-4975.1,-4975.1,-4975.1,-4975.1,-4975.1,-4975.1,-4975.1,-4975.1,-4975.1,-4975.1,-4975.1,-4975.1,-4835.2,-4835.2,-4835.2,-4835.2,-4835.2,-4835.2,-4835.2,-4835.2,-4835.2,-4835.2,-4835.2,-4835.2,-4835.2,-4835.2,-4835.2,-4835.2,-4835.2,-4835.2,-4835.2,-4835.2,-4835.2,-4835.2,-4835.2,-4835.2,-4835.2,-4835.2,-4835.2,-4835.2,-4835.2,-4835.2,-4835.2,-4835.2,-4668.9,-4668.9,-4668.9,-4668.9,-4668.9,-4668.9,-4668.9,-4668.9,-4668.9,-4668.9,-4668.9,-4668.9,-4668.9,-4668.9,-4668.9,-4668.9,-4668.9,-4668.9,-4668.9,-4668.9,-4668.9,-4668.9,-4668.9,-4668.9,-4668.9,-4668.9,-4668.9,-4668.9,-4668.9,-4668.9,-4668.9,-4668.9,-4480.9,-4480.9,-4480.9,-4480.9,-4480.9,-4480.9,-4480.9,-4480.9,-4480.9,-4480.9,-4480.9,-4480.9,-4480.9,-4480.9,-4480.9,-4480.9,-4480.9,-4480.9,-4480.9,-4480.9,-4480.9,-4480.9,-4480.9,-4480.9,-4480.9,-4480.9,-4480.9,-4480.9,-4480.9,-4480.9,-4480.9,-4480.9,-4276.3,-4276.3,-4276.3,-4276.3,-4276.3,-4276.3,-4276.3,-4276.3,-4276.3,-4276.3,-4276.3,-4276.3,-4276.3,-4276.3,-4276.3,-4276.3,-4276.3,-4276.3,-4276.3,-4276.3,-4276.3,-4276.3,-4276.3,-4276.3,-4276.3,-4276.3,-4276.3,-4276.3,-4276.3,-4276.3,-4276.3,-4276.3,-4059.9,-4059.9,-4059.9,-4059.9,-4059.9,-4059.9,-4059.9,-4059.9,-4059.9,-4059.9,-4059.9,-4059.9,-4059.9,-4059.9,-4059.9,-4059.9,-4059.9,-4059.9,-4059.9,-4059.9,-4059.9,-4059.9,-4059.9,-4059.9,-4059.9,-4059.9,-4059.9,-4059.9,-4059.9,-4059.9,-4059.9,-4059.9,-3836.6,-3836.6,-3836.6,-3836.6,-3836.6,-3836.6,-3836.6,-3836.6,-3836.6,-3836.6,-3836.6,-3836.6,-3836.6,-3836.6,-3836.6,-3836.6,-3836.6,-3836.6,-3836.6,-3836.6,-3836.6,-3836.6,-3836.6,-3836.6,-3836.6,-3836.6,-3836.6,-3836.6,-3836.6,-3836.6,-3836.6,-3836.6,-3610.6,-3610.6,-3610.6,-3610.6,-3610.6,-3610.6,-3610.6,-3610.6,-3610.6,-3610.6,-3610.6,-3610.6,-3610.6,-3610.6,-3610.6,-3610.6,-3610.6,-3610.6,-3610.6,-3610.6,-3610.6,-3610.6,-3610.6,-3610.6,-3610.6,-3610.6,-3610.6,-3610.6,-3610.6,-3610.6,-3610.6,-3610.6,-3385.5,-3385.5,-3385.5,-3385.5,-3385.5,-3385.5,-3385.5,-3385.5,-3385.5,-3385.5,-3385.5,-3385.5,-3385.5,-3385.5,-3385.5,-3385.5,-3385.5,-3385.5,-3385.5,-3385.5,-3385.5,-3385.5,-3385.5,-3385.5,-3385.5,-3385.5,-3385.5,-3385.5,-3385.5,-3385.5,-3385.5,-3385.5,-3164.5,-3164.5,-3164.5,-3164.5,-3164.5,-3164.5,-3164.5,-3164.5,-3164.5,-3164.5,-3164.5,-3164.5,-3164.5,-3164.5,-3164.5,-3164.5,-3164.5,-3164.5,-3164.5,-3164.5,-3164.5,-3164.5,-3164.5,-3164.5,-3164.5,-3164.5,-3164.5,-3164.5,-3164.5,-3164.5,-3164.5,-3164.5,-2950.1,-2950.1,-2950.1,-2950.1,-2950.1,-2950.1,-2950.1,-2950.1,-2950.1,-2950.1,-2950.1,-2950.1,-2950.1,-2950.1,-2950.1,-2950.1,-2950.1,-2950.1,-2950.1,-2950.1,-2950.1,-2950.1,-2950.1,-2950.1,-2950.1,-2950.1,-2950.1,-2950.1,-2950.1,-2950.1,-2950.1,-2950.1,-2744.1,-2744.1,-2744.1,-2744.1,-2744.1,-2744.1,-2744.1,-2744.1,-2744.1,-2744.1,-2744.1,-2744.1,-2744.1,-2744.1,-2744.1,-2744.1,-2744.1,-2744.1,-2744.1,-2744.1,-2744.1,-2744.1,-2744.1,-2744.1,-2744.1,-2744.1,-2744.1,-2744.1,-2744.1,-2744.1,-2744.1,-2744.1,-2547.9,-2547.9,-2547.9,-2547.9,-2547.9,-2547.9,-2547.9,-2547.9,-2547.9,-2547.9,-2547.9,-2547.9,-2547.9,-2547.9,-2547.9,-2547.9,-2547.9,-2547.9,-2547.9,-2547.9,-2547.9,-2547.9,-2547.9,-2547.9,-2547.9,-2547.9,-2547.9,-2547.9,-2547.9,-2547.9,-2547.9,-2547.9,-2362.5,-2362.5,-2362.5,-2362.5,-2362.5,-2362.5,-2362.5,-2362.5,-2362.5,-2362.5,-2362.5,-2362.5,-2362.5,-2362.5,-2362.5,-2362.5,-2362.5,-2362.5,-2362.5,-2362.5,-2362.5,-2362.5,-2362.5,-2362.5,-2362.5,-2362.5,-2362.5,-2362.5,-2362.5,-2362.5,-2362.5,-2362.5,-2188.2,-2188.2,-2188.2,-2188.2,-2188.2,-2188.2,-2188.2,-2188.2,-2188.2,-2188.2,-2188.2,-2188.2,-2188.2,-2188.2,-2188.2,-2188.2,-2188.2,-2188.2,-2188.2,-2188.2,-2188.2,-2188.2,-2188.2,-2188.2,-2188.2,-2188.2,-2188.2,-2188.2,-2188.2,-2188.2,-2188.2,-2188.2,-2025.3,-2025.3,-2025.3,-2025.3,-2025.3,-2025.3,-2025.3,-2025.3,-2025.3,-2025.3,-2025.3,-2025.3,-2025.3,-2025.3,-2025.3,-2025.3,-2025.3,-2025.3,-2025.3,-2025.3,-2025.3,-2025.3,-2025.3,-2025.3,-2025.3,-2025.3,-2025.3,-2025.3,-2025.3,-2025.3,-2025.3,-2025.3,-1873.7,-1873.7,-1873.7,-1873.7,-1873.7,-1873.7,-1873.7,-1873.7,-1873.7,-1873.7,-1873.7,-1873.7,-1873.7,-1873.7,-1873.7,-1873.7,-1873.7,-1873.7,-1873.7,-1873.7,-1873.7,-1873.7,-1873.7,-1873.7,-1873.7,-1873.7,-1873.7,-1873.7,-1873.7,-1873.7,-1873.7,-1873.7,-1733.1,-1733.1,-1733.1,-1733.1,-1733.1,-1733.1,-1733.1,-1733.1,-1733.1,-1733.1,-1733.1,-1733.1,-1733.1,-1733.1,-1733.1,-1733.1,-1733.1,-1733.1,-1733.1,-1733.1,-1733.1,-1733.1,-1733.1,-1733.1,-1733.1,-1733.1,-1733.1,-1733.1,-1733.1,-1733.1,-1733.1,-1733.1,-1603.1,-1603.1,-1603.1,-1603.1,-1603.1,-1603.1,-1603.1,-1603.1,-1603.1,-1603.1,-1603.1,-1603.1,-1603.1,-1603.1,-1603.1,-1603.1,-1603.1,-1603.1,-1603.1,-1603.1,-1603.1,-1603.1,-1603.1,-1603.1,-1603.1,-1603.1,-1603.1,-1603.1,-1603.1,-1603.1,-1603.1,-1603.1,-1483.1,-1483.1,-1483.1,-1483.1,-1483.1,-1483.1,-1483.1,-1483.1,-1483.1,-1483.1,-1483.1,-1483.1,-1483.1,-1483.1,-1483.1,-1483.1,-1483.1,-1483.1,-1483.1,-1483.1,-1483.1,-1483.1,-1483.1,-1483.1,-1483.1,-1483.1,-1483.1,-1483.1,-1483.1,-1483.1,-1483.1,-1483.1,-1372.6,-1372.6,-1372.6,-1372.6,-1372.6,-1372.6,-1372.6,-1372.6,-1372.6,-1372.6,-1372.6,-1372.6,-1372.6,-1372.6,-1372.6,-1372.6,-1372.6,-1372.6,-1372.6,-1372.6,-1372.6,-1372.6,-1372.6,-1372.6,-1372.6,-1372.6,-1372.6,-1372.6,-1372.6,-1372.6,-1372.6,-1372.6,-1270.9,-1270.9,-1270.9,-1270.9,-1270.9,-1270.9,-1270.9,-1270.9,-1270.9,-1270.9,-1270.9,-1270.9,-1270.9,-1270.9,-1270.9,-1270.9,-1270.9,-1270.9,-1270.9,-1270.9,-1270.9,-1270.9,-1270.9,-1270.9,-1270.9,-1270.9,-1270.9,-1270.9,-1270.9,-1270.9,-1270.9,-1270.9,-1177.5,-1177.5,-1177.5,-1177.5,-1177.5,-1177.5,-1177.5,-1177.5,-1177.5,-1177.5,-1177.5,-1177.5,-1177.5,-1177.5,-1177.5,-1177.5,-1177.5,-1177.5,-1177.5,-1177.5,-1177.5,-1177.5,-1177.5,-1177.5,-1177.5,-1177.5,-1177.5,-1177.5,-1177.5,-1177.5,-1177.5,-1177.5,-1091.7,-1091.7,-1091.7,-1091.7,-1091.7,-1091.7,-1091.7,-1091.7,-1091.7,-1091.7,-1091.7,-1091.7,-1091.7,-1091.7,-1091.7,-1091.7,-1091.7,-1091.7,-1091.7,-1091.7,-1091.7,-1091.7,-1091.7,-1091.7,-1091.7,-1091.7,-1091.7,-1091.7,-1091.7,-1091.7,-1091.7,-1091.7,-1013,-1013,-1013,-1013,-1013,-1013,-1013,-1013,-1013,-1013,-1013,-1013,-1013,-1013,-1013,-1013,-1013,-1013,-1013,-1013,-1013,-1013,-1013,-1013,-1013,-1013,-1013,-1013,-1013,-1013,-1013,-1013,-940.76,-940.76,-940.76,-940.76,-940.76,-940.76,-940.76,-940.76,-940.76,-940.76,-940.76,-940.76,-940.76,-940.76,-940.76,-940.76,-940.76,-940.76,-940.76,-940.76,-940.76,-940.76,-940.76,-940.76,-940.76,-940.76,-940.76,-940.76,-940.76,-940.76,-940.76,-940.76,-874.45,-874.45,-874.45,-874.45,-874.45,-874.45,-874.45,-874.45,-874.45,-874.45,-874.45,-874.45,-874.45,-874.45,-874.45,-874.45,-874.45,-874.45,-874.45,-874.45,-874.45,-874.45,-874.45,-874.45,-874.45,-874.45,-874.45,-874.45,-874.45,-874.45,-874.45,-874.45,-813.57,-813.57,-813.57,-813.57,-813.57,-813.57,-813.57,-813.57,-813.57,-813.57,-813.57,-813.57,-813.57,-813.57,-813.57,-813.57,-813.57,-813.57,-813.57,-813.57,-813.57,-813.57,-813.57,-813.57,-813.57,-813.57,-813.57,-813.57,-813.57,-813.57,-813.57,-813.57,-757.67,-757.67,-757.67,-757.67,-757.67,-757.67,-757.67,-757.67,-757.67,-757.67,-757.67,-757.67,-757.67,-757.67,-757.67,-757.67,-757.67,-757.67,-757.67,-757.67,-757.67,-757.67,-757.67,-757.67,-757.67,-757.67,-757.67,-757.67,-757.67,-757.67,-757.67,-757.67
-753.82,-753.89,-754.1,-754.44,-754.89,-755.46,-756.1,-756.81,-757.55,-758.3,-759.03,-759.7,-760.29,-760.79,-761.15,-761.38,-761.46,-761.38,-761.15,-760.79,-760.29,-759.7,-759.03,-758.3,-757.55,-756.81,-756.1,-755.46,-754.89,-754.44,-754.1,-753.89,-808.85,-808.94,-809.2,-809.61,-810.18,-810.87,-811.66,-812.53,-813.44,-814.36,-815.25,-816.08,-816.81,-817.41,-817.86,-818.14,-818.24,-818.14,-817.86,-817.41,-816.81,-816.08,-815.25,-814.36,-813.44,-812.53,-811.66,-810.87,-810.18,-809.61,-809.2,-808.94,-868.71,-868.82,-869.13,-869.63,-870.32,-871.16,-872.13,-873.19,-874.29,-875.41,-876.5,-877.51,-878.4,-879.14,-879.69,-880.03,-880.14,-880.03,-879.69,-879.14,-878.4,-877.51,-876.5,-875.41,-874.29,-873.19,-872.13,-871.16,-870.32,-869.63,-869.13,-868.82,-933.83,-933.96,-934.33,-934.95,-935.78,-936.79,-937.96,-939.24,-940.58,-941.94,-943.25,-944.47,-945.55,-946.44,-947.11,-947.52,-947.66,-947.52,-947.11,-946.44,-945.55,-944.47,-943.25,-941.94,-940.58,-939.24,-937.96,-936.79,-935.78,-934.95,-934.33,-933.96,-1004.7,-1004.8,-1005.3,-1006,-1007,-1008.2,-1009.7,-1011.2,-1012.8,-1014.4,-1016,-1017.5,-1018.8,-1019.9,-1020.7,-1021.2,-1021.3,-1021.2,-1020.7,-1019.9,-1018.8,-1017.5,-1016,-1014.4,-1012.8,-1011.2,-1009.7,-1008.2,-1007,-1006,-1005.3,-1004.8,-1081.8,-1082,-1082.5,-1083.4,-1084.6,-1086,-1087.7,-1089.6,-1091.5,-1093.5,-1095.3,-1097.1,-1098.7,-1100,-1100.9,-1101.5,-1101.7,-1101.5,-1100.9,-1100,-1098.7,-1097.1,-1095.3,-1093.5,-1091.5,-1089.6,-1087.7,-1086,-1084.6,-1083.4,-1082.5,-1082,-1165.7,-1165.9,-1166.5,-1167.6,-1169,-1170.7,-1172.7,-1174.9,-1177.2,-1179.6,-1181.8,-1183.9,-1185.8,-1187.3,-1188.5,-1189.2,-1189.4,-1189.2,-1188.5,-1187.3,-1185.8,-1183.9,-1181.8,-1179.6,-1177.2,-1174.9,-1172.7,-1170.7,-1169,-1167.6,-1166.5,-1165.9,-1256.8,-1257.1,-1257.9,-1259.1,-1260.8,-1262.9,-1265.2,-1267.9,-1270.6,-1273.4,-1276,-1278.5,-1280.8,-1282.6,-1284,-1284.8,-1285.1,-1284.8,-1284,-1282.6,-1280.8,-1278.5,-1276,-1273.4,-1270.6,-1267.9,-1265.2,-1262.9,-1260.8,-1259.1,-1257.9,-1257.1,-1355.9,-1356.2,-1357.1,-1358.6,-1360.6,-1363,-1365.9,-1368.9,-1372.2,-1375.5,-1378.7,-1381.6,-1384.2,-1386.4,-1388,-1389,-1389.4,-1389,-1388,-1386.4,-1384.2,-1381.6,-1378.7,-1375.5,-1372.2,-1368.9,-1365.9,-1363,-1360.6,-1358.6,-1357.1,-1356.2,-1463.4,-1463.8,-1464.9,-1466.6,-1469,-1471.8,-1475.2,-1478.8,-1482.6,-1486.5,-1490.3,-1493.8,-1496.9,-1499.5,-1501.4,-1502.6,-1503,-1502.6,-1501.4,-1499.5,-1496.9,-1493.8,-1490.3,-1486.5,-1482.6,-1478.8,-1475.2,-1471.8,-1469,-1466.6,-1464.9,-1463.8,-1580,-1580.4,-1581.7,-1583.7,-1586.5,-1589.9,-1593.8,-1598.1,-1602.6,-1607.1,-1611.6,-1615.7,-1619.4,-1622.4,-1624.6,-1626,-1626.5,-1626,-1624.6,-1622.4,-1619.4,-1615.7,-1611.6,-1607.1,-1602.6,-1598.1,-1593.8,-1589.9,-1586.5,-1583.7,-1581.7,-1580.4,-1706,-1706.5,-1708,-1710.4,-1713.6,-1717.6,-1722.2,-1727.2,-1732.5,-1737.9,-1743.1,-1748,-1752.3,-1755.8,-1758.5,-1760.1,-1760.7,-1760.1,-1758.5,-1755.8,-1752.3,-1748,-1743.1,-1737.9,-1732.5,-1727.2,-1722.2,-1717.6,-1713.6,-1710.4,-1708,-1706.5,-1842.1,-1842.7,-1844.4,-1847.2,-1850.9,-1855.6,-1861,-1866.9,-1873.1,-1879.3,-1885.4,-1891.1,-1896.2,-1900.3,-1903.5,-1905.4,-1906.1,-1905.4,-1903.5,-1900.3,-1896.2,-1891.1,-1885.4,-1879.3,-1873.1,-1866.9,-1861,-1855.6,-1850.9,-1847.2,-1844.4,-1842.7,-1988.4,-1989.1,-1991.1,-1994.4,-1998.8,-2004.2,-2010.5,-2017.3,-2024.6,-2031.9,-2039,-2045.7,-2051.6,-2056.4,-2060.1,-2062.4,-2063.1,-2062.4,-2060.1,-2056.4,-2051.6,-2045.7,-2039,-2031.9,-2024.6,-2017.3,-2010.5,-2004.2,-1998.8,-1994.4,-1991.1,-1989.1,-2145.4,-2146.1,-2148.5,-2152.2,-2157.4,-2163.7,-2170.9,-2178.9,-2187.3,-2195.8,-2204.1,-2211.9,-2218.8,-2224.5,-2228.7,-2231.4,-2232.2,-2231.4,-2228.7,-2224.5,-2218.8,-2211.9,-2204.1,-2195.8,-2187.3,-2178.9,-2170.9,-2163.7,-2157.4,-2152.2,-2148.5,-2146.1,-2312.9,-2313.8,-2316.4,-2320.8,-2326.7,-2334,-2342.4,-2351.7,-2361.4,-2371.3,-2380.9,-2389.9,-2397.9,-2404.5,-2409.5,-2412.5,-2413.6,-2412.5,-2409.5,-2404.5,-2397.9,-2389.9,-2380.9,-2371.3,-2361.4,-2351.7,-2342.4,-2334,-2326.7,-2320.8,-2316.4,-2313.8,-2490.7,-2491.8,-2494.8,-2499.9,-2506.7,-2515.1,-2524.8,-2535.5,-2546.7,-2558.1,-2569.3,-2579.7,-2588.9,-2596.5,-2602.3,-2605.8,-2607,-2605.8,-2602.3,-2596.5,-2588.9,-2579.7,-2569.3,-2558.1,-2546.7,-2535.5,-2524.8,-2515.1,-2506.7,-2499.9,-2494.8,-2491.8,-2678.4,-2679.6,-2683.1,-2688.9,-2696.7,-2706.4,-2717.5,-2729.8,-2742.7,-2755.8,-2768.6,-2780.6,-2791.2,-2800,-2806.6,-2810.7,-2812.1,-2810.7,-2806.6,-2800,-2791.2,-2780.6,-2768.6,-2755.8,-2742.7,-2729.8,-2717.5,-2706.4,-2696.7,-2688.9,-2683.1,-2679.6,-2875,-2876.4,-2880.4,-2887,-2896,-2907,-2919.7,-2933.7,-2948.5,-2963.5,-2978.2,-2991.9,-3004,-3014.1,-3021.7,-3026.4,-3028,-3026.4,-3021.7,-3014.1,-3004,-2991.9,-2978.2,-2963.5,-2948.5,-2933.7,-2919.7,-2907,-2896,-2887,-2880.4,-2876.4,-3079.3,-3080.8,-3085.4,-3092.9,-3103,-3115.5,-3130,-3145.9,-3162.7,-3179.8,-3196.5,-3212.1,-3225.9,-3237.5,-3246.1,-3251.4,-3253.2,-3251.4,-3246.1,-3237.5,-3225.9,-3212.1,-3196.5,-3179.8,-3162.7,-3145.9,-3130,-3115.5,-3103,-3092.9,-3085.4,-3080.8,-3289.3,-3291,-3296.2,-3304.6,-3316.1,-3330.2,-3346.5,-3364.5,-3383.5,-3402.8,-3421.7,-3439.3,-3455,-3468.1,-3477.9,-3483.9,-3486,-3483.9,-3477.9,-3468.1,-3455,-3439.3,-3421.7,-3402.8,-3383.5,-3364.5,-3346.5,-3330.2,-3316.1,-3304.6,-3296.2,-3291,-3502.6,-3504.6,-3510.4,-3519.8,-3532.7,-3548.5,-3566.8,-3587,-3608.3,-3630,-3651.2,-3671.1,-3688.7,-3703.4,-3714.4,-3721.2,-3723.5,-3721.2,-3714.4,-3703.4,-3688.7,-3671.1,-3651.2,-3630,-3608.3,-3587,-3566.8,-3548.5,-3532.7,-3519.8,-3510.4,-3504.6,-3716.5,-3718.6,-3725.1,-3735.6,-3749.9,-3767.5,-3787.9,-3810.3,-3834.1,-3858.3,-3881.9,-3904.1,-3923.8,-3940.2,-3952.5,-3960.1,-3962.7,-3960.1,-3952.5,-3940.2,-3923.8,-3904.1,-3881.9,-3858.3,-3834.1,-3810.3,-3787.9,-3767.5,-3749.9,-3735.6,-3725.1,-3718.6,-3927.3,-3929.6,-3936.7,-3948.3,-3964.1,-3983.5,-4006,-4030.9,-4057.1,-4083.9,-4110,-4134.6,-4156.4,-4174.5,-4188.2,-4196.6,-4199.5,-4196.6,-4188.2,-4174.5,-4156.4,-4134.6,-4110,-4083.9,-4057.1,-4030.9,-4006,-3983.5,-3964.1,-3948.3,-3936.7,-3929.6,-4131,-4133.6,-4141.4,-4154.1,-4171.3,-4192.6,-4217.2,-4244.4,-4273.2,-4302.5,-4331.2,-4358.1,-4382,-4401.9,-4416.9,-4426.2,-4429.3,-4426.2,-4416.9,-4401.9,-4382,-4358.1,-4331.2,-4302.5,-4273.2,-4244.4,-4217.2,-4192.6,-4171.3,-4154.1,-4141.4,-4133.6,-4323.4,-4326.3,-4334.7,-4348.4,-4367.1,-4390.2,-4416.9,-4446.3,-4477.6,-4509.4,-4540.5,-4569.7,-4595.8,-4617.4,-4633.7,-4643.7,-4647.2,-4643.7,-4633.7,-4617.4,-4595.8,-4569.7,-4540.5,-4509.4,-4477.6,-4446.3,-4416.9,-4390.2,-4367.1,-4348.4,-4334.7,-4326.3,-4499.9,-4502.9,-4512,-4526.7,-4546.7,-4571.5,-4600.1,-4631.8,-4665.3,-4699.5,-4732.9,-4764.4,-4792.3,-4815.6,-4833.1,-4844,-4847.6,-4844,-4833.1,-4815.6,-4792.3,-4764.4,-4732.9,-4699.5,-4665.3,-4631.8,-4600.1,-4571.5,-4546.7,-4526.7,-4512,-4502.9,-4655.8,-4659,-4668.6,-4684.2,-4705.5,-4731.8,-4762.2,-4795.8,-4831.4,-4867.7,-4903.3,-4936.7,-4966.5,-4991.2,-5009.8,-5021.4,-5025.3,-5021.4,-5009.8,-4991.2,-4966.5,-4936.7,-4903.3,-4867.7,-4831.4,-4795.8,-4762.2,-4731.8,-4705.5,-4684.2,-4668.6,-4659,-4786.8,-4790.1,-4800.2,-4816.6,-4838.9,-4866.5,-4898.4,-4933.7,-4971.1,-5009.2,-5046.6,-5081.7,-5113,-5139.1,-5158.6,-5170.8,-5174.9,-5170.8,-5158.6,-5139.1,-5113,-5081.7,-5046.6,-5009.2,-4971.1,-4933.7,-4898.4,-4866.5,-4838.9,-4816.6,-4800.2,-4790.1,-4888.8,-4892.3,-4902.7,-4919.8,-4942.9,-4971.5,-5004.6,-5041.3,-5080.1,-5119.7,-5158.5,-5195,-5227.4,-5254.5,-5274.8,-5287.4,-5291.7,-5287.4,-5274.8,-5254.5,-5227.4,-5195,-5158.5,-5119.7,-5080.1,-5041.3,-5004.6,-4971.5,-4942.9,-4919.8,-4902.7,-4892.3,-4958.8,-4962.4,-4973,-4990.5,-5014.2,-5043.5,-5077.5,-5115,-5154.8,-5195.4,-5235.3,-5272.6,-5306,-5333.7,-5354.6,-5367.5,-5371.9,-5367.5,-5354.6,-5333.7,-5306,-5272.6,-5235.3,-5195.4,-5154.8,-5115,-5077.5,-5043.5,-5014.2,-4990.5,-4973,-4962.4,-4994.4,-4998,-5008.8,-5026.4,-5050.5,-5080.1,-5114.5,-5152.6,-5192.9,-5234,-5274.3,-5312.2,-5345.9,-5374,-5395.1,-5408.3,-5412.7,-5408.3,-5395.1,-5374,-5345.9,-5312.2,-5274.3,-5234,-5192.9,-5152.6,-5114.5,-5080.1,-5050.5,-5026.4,-5008.8,-4998,-4994.4,-4998,-5008.8,-5026.4,-5050.5,-5080.1,-5114.5,-5152.6,-5192.9,-5234,-5274.3,-5312.2,-5345.9,-5374,-5395.1,-5408.3,-5412.7,-5408.3,-5395.1,-5374,-5345.9,-5312.2,-5274.3,-5234,-5192.9,-5152.6,-5114.5,-5080.1,-5050.5,-5026.4,-5008.8,-4998,-4958.8,-4962.4,-4973,-4990.5,-5014.2,-5043.5,-5077.5,-5115,-5154.8,-5195.4,-5235.3,-5272.6,-5306,-5333.7,-5354.6,-5367.5,-5371.9,-5367.5,-5354.6,-5333.7,-5306,-5272.6,-5235.3,-5195.4,-5154.8,-5115,-5077.5,-5043.5,-5014.2,-4990.5,-4973,-4962.4,-4888.8,-4892.3,-4902.7,-4919.8,-4942.9,-4971.5,-5004.6,-5041.3,-5080.1,-5119.7,-5158.5,-5195,-5227.4,-5254.5,-5274.8,-5287.4,-5291.7,-5287.4,-5274.8,-5254.5,-5227.4,-5195,-5158.5,-5119.7,-5080.1,-5041.3,-5004.6,-4971.5,-4942.9,-4919.8,-4902.7,-4892.3,-4786.8,-4790.1,-4800.2,-4816.6,-4838.9,-4866.5,-4898.4,-4933.7,-4971.1,-5009.2,-5046.6,-5081.7,-5113,-5139.1,-5158.6,-5170.8,-5174.9,-5170.8,-5158.6,-5139.1,-5113,-5081.7,-5046.6,-5009.2,-4971.1,-4933.7,-4898.4,-4866.5,-4838.9,-4816.6,-4800.2,-4790.1,-4655.8,-4659,-4668.6,-4684.2,-4705.5,-4731.8,-4762.2,-4795.8,-4831.4,-4867.7,-4903.3,-4936.7,-4966.5,-4991.2,-5009.8,-5021.4,-5025.3,-5021.4,-5009.8,-4991.2,-4966.5,-4936.7,-4903.3,-4867.7,-4831.4,-4795.8,-4762.2,-4731.8,-4705.5,-4684.2,-4668.6,-4659,-4499.9,-4502.9,-4512,-4526.7,-4546.7,-4571.5,-4600.1,-4631.8,-4665.3,-4699.5,-4732.9,-4764.4,-4792.3,-4815.6,-4833.1,-4844,-4847.6,-4844,-4833.1,-4815.6,-4792.3,-4764.4,-4732.9,-4699.5,-4665.3,-4631.8,-4600.1,-4571.5,-4546.7,-4526.7,-4512,-4502.9,-4323.4,-4326.3,-4334.7,-4348.4,-4367.1,-4390.2,-4416.9,-4446.3,-4477.6,-4509.4,-4540.5,-4569.7,-4595.8,-4617.4,-4633.7,-4643.7,-4647.2,-4643.7,-4633.7,-4617.4,-4595.8,-4569.7,-4540.5,-4509.4,-4477.6,-4446.3,-4416.9,-4390.2,-4367.1,-4348.4,-4334.7,-4326.3,-4131,-4133.6,-4141.4,-4154.1,-4171.3,-4192.6,-4217.2,-4244.4,-4273.2,-4302.5,-4331.2,-4358.1,-4382,-4401.9,-4416.9,-4426.2,-4429.3,-4426.2,-4416.9,-4401.9,-4382,-4358.1,-4331.2,-4302.5,-4273.2,-4244.4,-4217.2,-4192.6,-4171.3,-4154.1,-4141.4,-4133.6,-3927.3,-3929.6,-3936.7,-3948.3,-3964.1,-3983.5,-4006,-4030.9,-4057.1,-4083.9,-4110,-4134.6,-4156.4,-4174.5,-4188.2,-4196.6,-4199.5,-4196.6,-4188.2,-4174.5,-4156.4,-4134.6,-4110,-4083.9,-4057.1,-4030.9,-4006,-3983.5,-3964.1,-3948.3,-3936.7,-3929.6,-3716.5,-3718.6,-3725.1,-3735.6,-3749.9,-3767.5,-3787.9,-3810.3,-3834.1,-3858.3,-3881.9,-3904.1,-3923.8,-3940.2,-3952.5,-3960.1,-3962.7,-3960.1,-3952.5,-3940.2,-3923.8,-3904.1,-3881.9,-3858.3,-3834.1,-3810.3,-3787.9,-3767.5,-3749.9,-3735.6,-3725.1,-3718.6,-3502.6,-3504.6,-3510.4,-3519.8,-3532.7,-3548.5,-3566.8,-3587,-3608.3,-3630,-3651.2,-3671.1,-3688.7,-3703.4,-3714.4,-3721.2,-3723.5,-3721.2,-3714.4,-3703.4,-3688.7,-3671.1,-3651.2,-3630,-3608.3,-3587,-3566.8,-3548.5,-3532.7,-3519.8,-3510.4,-3504.6,-3289.3,-3291,-3296.2,-3304.6,-3316.1,-3330.2,-3346.5,-3364.5,-3383.5,-3402.8,-3421.7,-3439.3,-3455,-3468.1,-3477.9,-3483.9,-3486,-3483.9,-3477.9,-3468.1,-3455,-3439.3,-3421.7,-3402.8,-3383.5,-3364.5,-3346.5,-3330.2,-3316.1,-3304.6,-3296.2,-3291,-3079.3,-3080.8,-3085.4,-3092.9,-3103,-3115.5,-3130,-3145.9,-3162.7,-3179.8,-3196.5,-3212.1,-3225.9,-3237.5,-3246.1,-3251.4,-3253.2,-3251.4,-3246.1,-3237.5,-3225.9,-3212.1,-3196.5,-3179.8,-3162.7,-3145.9,-3130,-3115.5,-3103,-3092.9,-3085.4,-3080.8,-2875,-2876.4,-2880.4,-2887,-2896,-2907,-2919.7,-2933.7,-2948.5,-2963.5,-2978.2,-2991.9,-3004,-3014.1,-3021.7,-3026.4,-3028,-3026.4,-3021.7,-3014.1,-3004,-2991.9,-2978.2,-2963.5,-2948.5,-2933.7,-2919.7,-2907,-2896,-2887,-2880.4,-2876.4,-2678.4,-2679.6,-2683.1,-2688.9,-2696.7,-2706.4,-2717.5,-2729.8,-2742.7,-2755.8,-2768.6,-2780.6,-2791.2,-2800,-2806.6,-2810.7,-2812.1,-2810.7,-2806.6,-2800,-2791.2,-2780.6,-2768.6,-2755.8,-2742.7,-2729.8,-2717.5,-2706.4,-2696.7,-2688.9,-2683.1,-2679.6,-2490.7,-2491.8,-2494.8,-2499.9,-2506.7,-2515.1,-2524.8,-2535.5,-2546.7,-2558.1,-2569.3,-2579.7,-2588.9,-2596.5,-2602.3,-2605.8,-2607,-2605.8,-2602.3,-2596.5,-2588.9,-2579.7,-2569.3,-2558.1,-2546.7,-2535.5,-2524.8,-2515.1,-2506.7,-2499.9,-2494.8,-2491.8,-2312.9,-2313.8,-2316.4,-2320.8,-2326.7,-2334,-2342.4,-2351.7,-2361.4,-2371.3,-2380.9,-2389.9,-2397.9,-2404.5,-2409.5,-2412.5,-2413.6,-2412.5,-2409.5,-2404.5,-2397.9,-2389.9,-2380.9,-2371.3,-2361.4,-2351.7,-2342.4,-2334,-2326.7,-2320.8,-2316.4,-2313.8,-2145.4,-2146.1,-2148.5,-2152.2,-2157.4,-2163.7,-2170.9,-2178.9,-2187.3,-2195.8,-2204.1,-2211.9,-2218.8,-2224.5,-2228.7,-2231.4,-2232.2,-2231.4,-2228.7,-2224.5,-2218.8,-2211.9,-2204.1,-2195.8,-2187.3,-2178.9,-2170.9,-2163.7,-2157.4,-2152.2,-2148.5,-2146.1,-1988.4,-1989.1,-1991.1,-1994.4,-1998.8,-2004.2,-2010.5,-2017.3,-2024.6,-2031.9,-2039,-2045.7,-2051.6,-2056.4,-2060.1,-2062.4,-2063.1,-2062.4,-2060.1,-2056.4,-2051.6,-2045.7,-2039,-2031.9,-2024.6,-2017.3,-2010.5,-2004.2,-1998.8,-1994.4,-1991.1,-1989.1,-1842.1,-1842.7,-1844.4,-1847.2,-1850.9,-1855.6,-1861,-1866.9,-1873.1,-1879.3,-1885.4,-1891.1,-1896.2,-1900.3,-1903.5,-1905.4,-1906.1,-1905.4,-1903.5,-1900.3,-1896.2,-1891.1,-1885.4,-1879.3,-1873.1,-1866.9,-1861,-1855.6,-1850.9,-1847.2,-1844.4,-1842.7,-1706,-1706.5,-1708,-1710.4,-1713.6,-1717.6,-1722.2,-1727.2,-1732.5,-1737.9,-1743.1,-1748,-1752.3,-1755.8,-1758.5,-1760.1,-1760.7,-1760.1,-1758.5,-1755.8,-1752.3,-1748,-1743.1,-1737.9,-1732.5,-1727.2,-1722.2,-1717.6,-1713.6,-1710.4,-1708,-1706.5,-1580,-1580.4,-1581.7,-1583.7,-1586.5,-1589.9,-1593.8,-1598.1,-1602.6,-1607.1,-1611.6,-1615.7,-1619.4,-1622.4,-1624.6,-1626,-1626.5,-1626,-1624.6,-1622.4,-1619.4,-1615.7,-1611.6,-1607.1,-1602.6,-1598.1,-1593.8,-1589.9,-1586.5,-1583.7,-1581.7,-1580.4,-1463.4,-1463.8,-1464.9,-1466.6,-1469,-1471.8,-1475.2,-1478.8,-1482.6,-1486.5,-1490.3,-1493.8,-1496.9,-1499.5,-1501.4,-1502.6,-1503,-1502.6,-1501.4,-1499.5,-1496.9,-1493.8,-1490.3,-1486.5,-1482.6,-1478.8,-1475.2,-1471.8,-1469,-1466.6,-1464.9,-1463.8,-1355.9,-1356.2,-1357.1,-1358.6,-1360.6,-1363,-1365.9,-1368.9,-1372.2,-1375.5,-1378.7,-1381.6,-1384.2,-1386.4,-1388,-1389,-1389.4,-1389,-1388,-1386.4,-1384.2,-1381.6,-1378.7,-1375.5,-1372.2,-1368.9,-1365.9,-1363,-1360.6,-1358.6,-1357.1,-1356.2,-1256.8,-1257.1,-1257.9,-1259.1,-1260.8,-1262.9,-1265.2,-1267.9,-1270.6,-1273.4,-1276,-1278.5,-1280.8,-1282.6,-1284,-1284.8,-1285.1,-1284.8,-1284,-1282.6,-1280.8,-1278.5,-1276,-1273.4,-1270.6,-1267.9,-1265.2,-1262.9,-1260.8,-1259.1,-1257.9,-1257.1,-1165.7,-1165.9,-1166.5,-1167.6,-1169,-1170.7,-1172.7,-1174.9,-1177.2,-1179.6,-1181.8,-1183.9,-1185.8,-1187.3,-1188.5,-1189.2,-1189.4,-1189.2,-1188.5,-1187.3,-1185.8,-1183.9,-1181.8,-1179.6,-1177.2,-1174.9,-1172.7,-1170.7,-1169,-1167.6,-1166.5,-1165.9,-1081.8,-1082,-1082.5,-1083.4,-1084.6,-1086,-1087.7,-1089.6,-1091.5,-1093.5,-1095.3,-1097.1,-1098.7,-1100,-1100.9,-1101.5,-1101.7,-1101.5,-1100.9,-1100,-1098.7,-1097.1,-1095.3,-1093.5,-1091.5,-1089.6,-1087.7,-1086,-1084.6,-1083.4,-1082.5,-1082,-1004.7,-1004.8,-1005.3,-1006,-1007,-1008.2,-1009.7,-1011.2,-1012.8,-1014.4,-1016,-1017.5,-1018.8,-1019.9,-1020.7,-1021.2,-1021.3,-1021.2,-1020.7,-1019.9,-1018.8,-1017.5,-1016,-1014.4,-1012.8,-1011.2,-1009.7,-1008.2,-1007,-1006,-1005.3,-1004.8,-933.83,-933.96,-934.33,-934.95,-935.78,-936.79,-937.96,-939.24,-940.58,-941.94,-943.25,-944.47,-945.55,-946.44,-947.11,-947.52,-947.66,-947.52,-947.11,-946.44,-945.55,-944.47,-943.25,-941.94,-940.58,-939.24,-937.96,-936.79,-935.78,-934.95,-934.33,-933.96,-868.71,-868.82,-869.13,-869.63,-870.32,-871.16,-872.13,-873.19,-874.29,-875.41,-876.5,-877.51,-878.4,-879.14,-879.69,-880.03,-880.14,-880.03,-879.69,-879.14,-878.4,-877.51,-876.5,-875.41,-874.29,-873.19,-872.13,-871.16,-870.32,-869.63,-869.13,-868.82,-808.85,-808.94,-809.2,-809.61,-810.18,-810.87,-811.66,-812.53,-813.44,-814.36,-815.25,-816.08,-816.81,-817.41,-817.86,-818.14,-818.24,-818.14,-817.86,-817.41,-816.81,-816.08,-815.25,-814.36,-813.44,-812.53,-811.66,-810.87,-810.18,-809.61,-809.2,-808.94,-753.82,-753.89,-754.1,-754.44,-754.89,-755.46,-756.1,-756.81,-757.55,-758.3,-759.03,-759.7,-760.29,-760.79,-761.15,-761.38,-761.46,-761.38,-761.15,-760.79,-760.29,-759.7,-759.03,-758.3,-757.55,-756.81,-756.1,-755.46,-754.89,-754.44,-754.1,-753.89
-749.9,-750.04,-750.44,-751.09,-751.97,-753.07,-754.33,-755.72,-757.2,-758.7,-760.16,-761.54,-762.76,-763.78,-764.54,-765.01,-765.17,-765.01,-764.54,-763.78,-762.76,-761.54,-760.16,-758.7,-757.2,-755.72,-754.33,-753.07,-751.97,-751.09,-750.44,-750.04,-804.08,-804.24,-804.73,-805.53,-806.62,-807.96,-809.51,-811.22,-813.03,-814.88,-816.68,-818.37,-819.87,-821.12,-822.06,-822.64,-822.83,-822.64,-822.06,-821.12,-819.87,-818.37,-816.68,-814.88,-813.03,-811.22,-809.51,-807.96,-806.62,-805.53,-804.73,-804.24,-862.93,-863.13,-863.72,-864.7,-866.02,-867.65,-869.54,-871.62,-873.83,-876.07,-878.27,-880.33,-882.16,-883.68,-884.83,-885.54,-885.78,-885.54,-884.83,-883.68,-882.16,-880.33,-878.27,-876.07,-873.83,-871.62,-869.54,-867.65,-866.02,-864.7,-863.72,-863.13,-926.87,-927.11,-927.83,-929.01,-930.61,-932.58,-934.86,-937.38,-940.05,-942.76,-945.42,-947.92,-950.14,-951.98,-953.37,-954.23,-954.52,-954.23,-953.37,-951.98,-950.14,-947.92,-945.42,-942.76,-940.05,-937.38,-934.86,-932.58,-930.61,-929.01,-927.83,-927.11,-996.36,-996.65,-997.51,-998.92,-1000.8,-1003.2,-1006,-1009,-1012.2,-1015.5,-1018.7,-1021.7,-1024.3,-1026.6,-1028.2,-1029.3,-1029.6,-1029.3,-1028.2,-1026.6,-1024.3,-1021.7,-1018.7,-1015.5,-1012.2,-1009,-1006,-1003.2,-1000.8,-998.92,-997.51,-996.65,-1071.9,-1072.2,-1073.2,-1074.9,-1077.2,-1080,-1083.3,-1086.9,-1090.8,-1094.7,-1098.5,-1102.1,-1105.4,-1108,-1110,-1111.3,-1111.7,-1111.3,-1110,-1108,-1105.4,-1102.1,-1098.5,-1094.7,-1090.8,-1086.9,-1083.3,-1080,-1077.2,-1074.9,-1073.2,-1072.2,-1153.9,-1154.3,-1155.5,-1157.5,-1160.2,-1163.6,-1167.5,-1171.8,-1176.4,-1181.1,-1185.7,-1190,-1193.8,-1197,-1199.4,-1200.9,-1201.4,-1200.9,-1199.4,-1197,-1193.8,-1190,-1185.7,-1181.1,-1176.4,-1171.8,-1167.5,-1163.6,-1160.2,-1157.5,-1155.5,-1154.3,-1242.9,-1243.4,-1244.8,-1247.2,-1250.4,-1254.4,-1259.1,-1264.2,-1269.6,-1275.2,-1280.6,-1285.8,-1290.3,-1294.1,-1297,-1298.8,-1299.4,-1298.8,-1297,-1294.1,-1290.3,-1285.8,-1280.6,-1275.2,-1269.6,-1264.2,-1259.1,-1254.4,-1250.4,-1247.2,-1244.8,-1243.4,-1339.5,-1340,-1341.8,-1344.6,-1348.4,-1353.1,-1358.6,-1364.6,-1371.1,-1377.7,-1384.1,-1390.2,-1395.6,-1400.1,-1403.5,-1405.7,-1406.4,-1405.7,-1403.5,-1400.1,-1395.6,-1390.2,-1384.1,-1377.7,-1371.1,-1364.6,-1358.6,-1353.1,-1348.4,-1344.6,-1341.8,-1340,-1444.1,-1444.8,-1446.8,-1450.1,-1454.6,-1460.1,-1466.6,-1473.8,-1481.4,-1489.1,-1496.8,-1504,-1510.4,-1515.7,-1519.8,-1522.3,-1523.1,-1522.3,-1519.8,-1515.7,-1510.4,-1504,-1496.8,-1489.1,-1481.4,-1473.8,-1466.6,-1460.1,-1454.6,-1450.1,-1446.8,-1444.8,-1557.3,-1558.1,-1560.4,-1564.3,-1569.6,-1576.1,-1583.7,-1592.1,-1601.1,-1610.2,-1619.2,-1627.7,-1635.3,-1641.6,-1646.4,-1649.4,-1650.4,-1649.4,-1646.4,-1641.6,-1635.3,-1627.7,-1619.2,-1610.2,-1601.1,-1592.1,-1583.7,-1576.1,-1569.6,-1564.3,-1560.4,-1558.1,-1679.5,-1680.4,-1683.2,-1687.7,-1693.9,-1701.5,-1710.4,-1720.3,-1730.8,-1741.6,-1752.1,-1762.1,-1771.1,-1778.5,-1784.1,-1787.6,-1788.8,-1787.6,-1784.1,-1778.5,-1771.1,-1762.1,-1752.1,-1741.6,-1730.8,-1720.3,-1710.4,-1701.5,-1693.9,-1687.7,-1683.2,-1680.4,-1811.1,-1812.2,-1815.4,-1820.7,-1827.9,-1836.8,-1847.2,-1858.8,-1871.1,-1883.6,-1896.1,-1907.8,-1918.2,-1927,-1933.6,-1937.7,-1939.1,-1937.7,-1933.6,-1927,-1918.2,-1907.8,-1896.1,-1883.6,-1871.1,-1858.8,-1847.2,-1836.8,-1827.9,-1820.7,-1815.4,-1812.2,-1952.4,-1953.7,-1957.4,-1963.6,-1972,-1982.4,-1994.5,-2007.9,-2022.2,-2036.9,-2051.4,-2065.1,-2077.4,-2087.7,-2095.4,-2100.2,-2101.9,-2100.2,-2095.4,-2087.7,-2077.4,-2065.1,-2051.4,-2036.9,-2022.2,-2007.9,-1994.5,-1982.4,-1972,-1963.6,-1957.4,-1953.7,-2103.6,-2105.1,-2109.4,-2116.6,-2126.3,-2138.3,-2152.4,-2168,-2184.6,-2201.7,-2218.6,-2234.6,-2248.9,-2260.9,-2270,-2275.6,-2277.5,-2275.6,-2270,-2260.9,-2248.9,-2234.6,-2218.6,-2201.7,-2184.6,-2168,-2152.4,-2138.3,-2126.3,-2116.6,-2109.4,-2105.1,-2264.7,-2266.4,-2271.4,-2279.6,-2290.8,-2304.7,-2321,-2339,-2358.3,-2378.2,-2397.8,-2416.3,-2433,-2446.9,-2457.5,-2464,-2466.3,-2464,-2457.5,-2446.9,-2433,-2416.3,-2397.8,-2378.2,-2358.3,-2339,-2321,-2304.7,-2290.8,-2279.6,-2271.4,-2266.4,-2435.3,-2437.3,-2443,-2452.4,-2465.3,-2481.4,-2500.1,-2520.9,-2543.2,-2566.1,-2588.7,-2610.2,-2629.5,-2645.7,-2657.9,-2665.5,-2668.1,-2665.5,-2657.9,-2645.7,-2629.5,-2610.2,-2588.7,-2566.1,-2543.2,-2520.9,-2500.1,-2481.4,-2465.3,-2452.4,-2443,-2437.3,-2615,-2617.2,-2623.8,-2634.6,-2649.3,-2667.7,-2689.1,-2713,-2738.6,-2765,-2791.1,-2815.8,-2838,-2856.7,-2870.8,-2879.6,-2882.6,-2879.6,-2870.8,-2856.7,-2838,-2815.8,-2791.1,-2765,-2738.6,-2713,-2689.1,-2667.7,-2649.3,-2634.6,-2623.8,-2617.2,-2802.8,-2805.3,-2812.8,-2825.1,-2841.9,-2862.8,-2887.3,-2914.6,-2943.8,-2974,-3003.8,-3032.2,-3057.7,-3079.2,-3095.4,-3105.5,-3108.9,-3105.5,-3095.4,-3079.2,-3057.7,-3032.2,-3003.8,-2974,-2943.8,-2914.6,-2887.3,-2862.8,-2841.9,-2825.1,-2812.8,-2805.3,-2997.4,-3000.3,-3008.7,-3022.6,-3041.7,-3065.4,-3093.2,-3124.1,-3157.4,-3191.7,-3225.7,-3258.1,-3287.2,-3311.7,-3330.2,-3341.8,-3345.7,-3341.8,-3330.2,-3311.7,-3287.2,-3258.1,-3225.7,-3191.7,-3157.4,-3124.1,-3093.2,-3065.4,-3041.7,-3022.6,-3008.7,-3000.3,-3197.1,-3200.3,-3209.8,-3225.5,-3246.9,-3273.6,-3304.9,-3339.9,-3377.4,-3416.2,-3454.8,-3491.4,-3524.5,-3552.3,-3573.3,-3586.5,-3590.9,-3586.5,-3573.3,-3552.3,-3524.5,-3491.4,-3454.8,-3416.2,-3377.4,-3339.9,-3304.9,-3273.6,-3246.9,-3225.5,-3209.8,-3200.3,-3399.5,-3403.1,-3413.7,-3431.2,-3455.2,-3485.1,-3520.2,-3559.4,-3601.5,-3645.1,-3688.4,-3729.7,-3766.9,-3798.3,-3822,-3836.8,-3841.9,-3836.8,-3822,-3798.3,-3766.9,-3729.7,-3688.4,-3645.1,-3601.5,-3559.4,-3520.2,-3485.1,-3455.2,-3431.2,-3413.7,-3403.1,-3601.9,-3605.8,-3617.7,-3637.1,-3663.7,-3697,-3735.9,-3779.6,-3826.5,-3875.1,-3923.5,-3969.6,-4011.2,-4046.2,-4072.8,-4089.4,-4095.1,-4089.4,-4072.8,-4046.2,-4011.2,-3969.6,-3923.5,-3875.1,-3826.5,-3779.6,-3735.9,-3697,-3663.7,-3637.1,-3617.7,-3605.8,-3801,-3805.4,-3818.4,-3839.8,-3869.1,-3905.7,-3948.7,-3996.9,-4048.7,-4102.5,-4156,-4207.1,-4253.2,-4292.1,-4321.6,-4340,-4346.3,-4340,-4321.6,-4292.1,-4253.2,-4207.1,-4156,-4102.5,-4048.7,-3996.9,-3948.7,-3905.7,-3869.1,-3839.8,-3818.4,-3805.4,-3993.1,-3997.9,-4012.1,-4035.4,-4067.5,-4107.5,-4154.5,-4207.2,-4264,-4322.9,-4381.6,-4437.6,-4488.3,-4531.1,-4563.5,-4583.8,-4590.7,-4583.8,-4563.5,-4531.1,-4488.3,-4437.6,-4381.6,-4322.9,-4264,-4207.2,-4154.5,-4107.5,-4067.5,-4035.4,-4012.1,-3997.9,-4174.2,-4179.3,-4194.7,-4220,-4254.6,-4297.9,-4348.8,-4406,-4467.5,-4531.5,-4595.3,-4656.2,-4711.3,-4757.9,-4793.2,-4815.3,-4822.8,-4815.3,-4793.2,-4757.9,-4711.3,-4656.2,-4595.3,-4531.5,-4467.5,-4406,-4348.8,-4297.9,-4254.6,-4220,-4194.7,-4179.3,-4340,-4345.5,-4361.9,-4389,-4426.1,-4472.5,-4527.1,-4588.4,-4654.5,-4723.2,-4791.8,-4857.3,-4916.7,-4966.8,-5004.9,-5028.7,-5036.8,-5028.7,-5004.9,-4966.8,-4916.7,-4857.3,-4791.8,-4723.2,-4654.5,-4588.4,-4527.1,-4472.5,-4426.1,-4389,-4361.9,-4345.5,-4486.3,-4492.1,-4509.5,-4538.2,-4577.6,-4626.8,-4684.7,-4749.7,-4820,-4893,-4965.9,-5035.6,-5098.8,-5152.2,-5192.7,-5218.1,-5226.8,-5218.1,-5192.7,-5152.2,-5098.8,-5035.6,-4965.9,-4893,-4820,-4749.7,-4684.7,-4626.8,-4577.6,-4538.2,-4509.5,-4492.1,-4609,-4615.1,-4633.3,-4663.4,-4704.7,-4756.3,-4817,-4885.3,-4959.1,-5035.8,-5112.4,-5185.7,-5252.2,-5308.4,-5351.1,-5377.8,-5386.9,-5377.8,-5351.1,-5308.4,-5252.2,-5185.7,-5112.4,-5035.8,-4959.1,-4885.3,-4817,-4756.3,-4704.7,-4663.4,-4633.3,-4615.1,-4704.5,-4710.9,-4729.8,-4760.9,-4803.7,-4857.2,-4920.2,-4991.1,-5067.6,-5147.2,-5226.8,-5303,-5372.1,-5430.4,-5474.9,-5502.6,-5512.1,-5502.6,-5474.9,-5430.4,-5372.1,-5303,-5226.8,-5147.2,-5067.6,-4991.1,-4920.2,-4857.2,-4803.7,-4760.9,-4729.8,-4710.9,-4770,-4776.5,-4795.8,-4827.7,-4871.5,-4926.4,-4991,-5063.6,-5142,-5223.7,-5305.3,-5383.5,-5454.4,-5514.3,-5559.9,-5588.4,-5598.1,-5588.4,-5559.9,-5514.3,-5454.4,-5383.5,-5305.3,-5223.7,-5142,-5063.6,-4991,-4926.4,-4871.5,-4827.7,-4795.8,-4776.5,-4803.2,-4809.8,-4829.4,-4861.7,-4906,-4961.6,-5026.9,-5100.4,-5179.9,-5262.5,-5345.3,-5424.4,-5496.2,-5557,-5603.1,-5632.1,-5641.9,-5632.1,-5603.1,-5557,-5496.2,-5424.4,-5345.3,-5262.5,-5179.9,-5100.4,-5026.9,-4961.6,-4906,-4861.7,-4829.4,-4809.8,-4803.2,-4809.8,-4829.4,-4861.7,-4906,-4961.6,-5026.9,-5100.4,-5179.9,-5262.5,-5345.3,-5424.4,-5496.2,-5557,-5603.1,-5632.1,-5641.9,-5632.1,-5603.1,-5557,-5496.2,-5424.4,-5345.3,-5262.5,-5179.9,-5100.4,-5026.9,-4961.6,-4906,-4861.7,-4829.4,-4809.8,-4770,-4776.5,-4795.8,-4827.7,-4871.5,-4926.4,-4991,-5063.6,-5142,-5223.7,-5305.3,-5383.5,-5454.4,-5514.3,-5559.9,-5588.4,-5598.1,-5588.4,-5559.9,-5514.3,-5454.4,-5383.5,-5305.3,-5223.7,-5142,-5063.6,-4991,-4926.4,-4871.5,-4827.7,-4795.8,-4776.5,-4704.5,-4710.9,-4729.8,-4760.9,-4803.7,-4857.2,-4920.2,-4991.1,-5067.6,-5147.2,-5226.8,-5303,-5372.1,-5430.4,-5474.9,-5502.6,-5512.1,-5502.6,-5474.9,-5430.4,-5372.1,-5303,-5226.8,-5147.2,-5067.6,-4991.1,-4920.2,-4857.2,-4803.7,-4760.9,-4729.8,-4710.9,-4609,-4615.1,-4633.3,-4663.4,-4704.7,-4756.3,-4817,-4885.3,-4959.1,-5035.8,-5112.4,-5185.7,-5252.2,-5308.4,-5351.1,-5377.8,-5386.9,-5377.8,-5351.1,-5308.4,-5252.2,-5185.7,-5112.4,-5035.8,-4959.1,-4885.3,-4817,-4756.3,-4704.7,-4663.4,-4633.3,-4615.1,-4486.3,-4492.1,-4509.5,-4538.2,-4577.6,-4626.8,-4684.7,-4749.7,-4820,-4893,-4965.9,-5035.6,-5098.8,-5152.2,-5192.7,-5218.1,-5226.8,-5218.1,-5192.7,-5152.2,-5098.8,-5035.6,-4965.9,-4893,-4820,-4749.7,-4684.7,-4626.8,-4577.6,-4538.2,-4509.5,-4492.1,-4340,-4345.5,-4361.9,-4389,-4426.1,-4472.5,-4527.1,-4588.4,-4654.5,-4723.2,-4791.8,-4857.3,-4916.7,-4966.8,-5004.9,-5028.7,-5036.8,-5028.7,-5004.9,-4966.8,-4916.7,-4857.3,-4791.8,-4723.2,-4654.5,-4588.4,-4527.1,-4472.5,-4426.1,-4389,-4361.9,-4345.5,-4174.2,-4179.3,-4194.7,-4220,-4254.6,-4297.9,-4348.8,-4406,-4467.5,-4531.5,-4595.3,-4656.2,-4711.3,-4757.9,-4793.2,-4815.3,-4822.8,-4815.3,-4793.2,-4757.9,-4711.3,-4656.2,-4595.3,-4531.5,-4467.5,-4406,-4348.8,-4297.9,-4254.6,-4220,-4194.7,-4179.3,-3993.1,-3997.9,-4012.1,-4035.4,-4067.5,-4107.5,-4154.5,-4207.2,-4264,-4322.9,-4381.6,-4437.6,-4488.3,-4531.1,-4563.5,-4583.8,-4590.7,-4583.8,-4563.5,-4531.1,-4488.3,-4437.6,-4381.6,-4322.9,-4264,-4207.2,-4154.5,-4107.5,-4067.5,-4035.4,-4012.1,-3997.9,-3801,-3805.4,-3818.4,-3839.8,-3869.1,-3905.7,-3948.7,-3996.9,-4048.7,-4102.5,-4156,-4207.1,-4253.2,-4292.1,-4321.6,-4340,-4346.3,-4340,-4321.6,-4292.1,-4253.2,-4207.1,-4156,-4102.5,-4048.7,-3996.9,-3948.7,-3905.7,-3869.1,-3839.8,-3818.4,-3805.4,-3601.9,-3605.8,-3617.7,-3637.1,-3663.7,-3697,-3735.9,-3779.6,-3826.5,-3875.1,-3923.5,-3969.6,-4011.2,-4046.2,-4072.8,-4089.4,-4095.1,-4089.4,-4072.8,-4046.2,-4011.2,-3969.6,-3923.5,-3875.1,-3826.5,-3779.6,-3735.9,-3697,-3663.7,-3637.1,-3617.7,-3605.8,-3399.5,-3403.1,-3413.7,-3431.2,-3455.2,-3485.1,-3520.2,-3559.4,-3601.5,-3645.1,-3688.4,-3729.7,-3766.9,-3798.3,-3822,-3836.8,-3841.9,-3836.8,-3822,-3798.3,-3766.9,-3729.7,-3688.4,-3645.1,-3601.5,-3559.4,-3520.2,-3485.1,-3455.2,-3431.2,-3413.7,-3403.1,-3197.1,-3200.3,-3209.8,-3225.5,-3246.9,-3273.6,-3304.9,-3339.9,-3377.4,-3416.2,-3454.8,-3491.4,-3524.5,-3552.3,-3573.3,-3586.5,-3590.9,-3586.5,-3573.3,-3552.3,-3524.5,-3491.4,-3454.8,-3416.2,-3377.4,-3339.9,-3304.9,-3273.6,-3246.9,-3225.5,-3209.8,-3200.3,-2997.4,-3000.3,-3008.7,-3022.6,-3041.7,-3065.4,-3093.2,-3124.1,-3157.4,-3191.7,-3225.7,-3258.1,-3287.2,-3311.7,-3330.2,-3341.8,-3345.7,-3341.8,-3330.2,-3311.7,-3287.2,-3258.1,-3225.7,-3191.7,-3157.4,-3124.1,-3093.2,-3065.4,-3041.7,-3022.6,-3008.7,-3000.3,-2802.8,-2805.3,-2812.8,-2825.1,-2841.9,-2862.8,-2887.3,-2914.6,-2943.8,-2974,-3003.8,-3032.2,-3057.7,-3079.2,-3095.4,-3105.5,-3108.9,-3105.5,-3095.4,-3079.2,-3057.7,-3032.2,-3003.8,-2974,-2943.8,-2914.6,-2887.3,-2862.8,-2841.9,-2825.1,-2812.8,-2805.3,-2615,-2617.2,-2623.8,-2634.6,-2649.3,-2667.7,-2689.1,-2713,-2738.6,-2765,-2791.1,-2815.8,-2838,-2856.7,-2870.8,-2879.6,-2882.6,-2879.6,-2870.8,-2856.7,-2838,-2815.8,-2791.1,-2765,-2738.6,-2713,-2689.1,-2667.7,-2649.3,-2634.6,-2623.8,-2617.2,-2435.3,-2437.3,-2443,-2452.4,-2465.3,-2481.4,-2500.1,-2520.9,-2543.2,-2566.1,-2588.7,-2610.2,-2629.5,-2645.7,-2657.9,-2665.5,-2668.1,-2665.5,-2657.9,-2645.7,-2629.5,-2610.2,-2588.7,-2566.1,-2543.2,-2520.9,-2500.1,-2481.4,-2465.3,-2452.4,-2443,-2437.3,-2264.7,-2266.4,-2271.4,-2279.6,-2290.8,-2304.7,-2321,-2339,-2358.3,-2378.2,-2397.8,-2416.3,-2433,-2446.9,-2457.5,-2464,-2466.3,-2464,-2457.5,-2446.9,-2433,-2416.3,-2397.8,-2378.2,-2358.3,-2339,-2321,-2304.7,-2290.8,-2279.6,-2271.4,-2266.4,-2103.6,-2105.1,-2109.4,-2116.6,-2126.3,-2138.3,-2152.4,-2168,-2184.6,-2201.7,-2218.6,-2234.6,-2248.9,-2260.9,-2270,-2275.6,-2277.5,-2275.6,-2270,-2260.9,-2248.9,-2234.6,-2218.6,-2201.7,-2184.6,-2168,-2152.4,-2138.3,-2126.3,-2116.6,-2109.4,-2105.1,-1952.4,-1953.7,-1957.4,-1963.6,-1972,-1982.4,-1994.5,-2007.9,-2022.2,-2036.9,-2051.4,-2065.1,-2077.4,-2087.7,-2095.4,-2100.2,-2101.9,-2100.2,-2095.4,-2087.7,-2077.4,-2065.1,-2051.4,-2036.9,-2022.2,-2007.9,-1994.5,-1982.4,-1972,-1963.6,-1957.4,-1953.7,-1811.1,-1812.2,-1815.4,-1820.7,-1827.9,-1836.8,-1847.2,-1858.8,-1871.1,-1883.6,-1896.1,-1907.8,-1918.2,-1927,-1933.6,-1937.7,-1939.1,-1937.7,-1933.6,-1927,-1918.2,-1907.8,-1896.1,-1883.6,-1871.1,-1858.8,-1847.2,-1836.8,-1827.9,-1820.7,-1815.4,-1812.2,-1679.5,-1680.4,-1683.2,-1687.7,-1693.9,-1701.5,-1710.4,-1720.3,-1730.8,-1741.6,-1752.1,-1762.1,-1771.1,-1778.5,-1784.1,-1787.6,-1788.8,-1787.6,-1784.1,-1778.5,-1771.1,-1762.1,-1752.1,-1741.6,-1730.8,-1720.3,-1710.4,-1701.5,-1693.9,-1687.7,-1683.2,-1680.4,-1557.3,-1558.1,-1560.4,-1564.3,-1569.6,-1576.1,-1583.7,-1592.1,-1601.1,-1610.2,-1619.2,-1627.7,-1635.3,-1641.6,-1646.4,-1649.4,-1650.4,-1649.4,-1646.4,-1641.6,-1635.3,-1627.7,-1619.2,-1610.2,-1601.1,-1592.1,-1583.7,-1576.1,-1569.6,-1564.3,-1560.4,-1558.1,-1444.1,-1444.8,-1446.8,-1450.1,-1454.6,-1460.1,-1466.6,-1473.8,-1481.4,-1489.1,-1496.8,-1504,-1510.4,-1515.7,-1519.8,-1522.3,-1523.1,-1522.3,-1519.8,-1515.7,-1510.4,-1504,-1496.8,-1489.1,-1481.4,-1473.8,-1466.6,-1460.1,-1454.6,-1450.1,-1446.8,-1444.8,-1339.5,-1340,-1341.8,-1344.6,-1348.4,-1353.1,-1358.6,-1364.6,-1371.1,-1377.7,-1384.1,-1390.2,-1395.6,-1400.1,-1403.5,-1405.7,-1406.4,-1405.7,-1403.5,-1400.1,-1395.6,-1390.2,-1384.1,-1377.7,-1371.1,-1364.6,-1358.6,-1353.1,-1348.4,-1344.6,-1341.8,-1340,-1242.9,-1243.4,-1244.8,-1247.2,-1250.4,-1254.4,-1259.1,-1264.2,-1269.6,-1275.2,-1280.6,-1285.8,-1290.3,-1294.1,-1297,-1298.8,-1299.4,-1298.8,-1297,-1294.1,-1290.3,-1285.8,-1280.6,-1275.2,-1269.6,-1264.2,-1259.1,-1254.4,-1250.4,-1247.2,-1244.8,-1243.4,-1153.9,-1154.3,-1155.5,-1157.5,-1160.2,-1163.6,-1167.5,-1171.8,-1176.4,-1181.1,-1185.7,-1190,-1193.8,-1197,-1199.4,-1200.9,-1201.4,-1200.9,-1199.4,-1197,-1193.8,-1190,-1185.7,-1181.1,-1176.4,-1171.8,-1167.5,-1163.6,-1160.2,-1157.5,-1155.5,-1154.3,-1071.9,-1072.2,-1073.2,-1074.9,-1077.2,-1080,-1083.3,-1086.9,-1090.8,-1094.7,-1098.5,-1102.1,-1105.4,-1108,-1110,-1111.3,-1111.7,-1111.3,-1110,-1108,-1105.4,-1102.1,-1098.5,-1094.7,-1090.8,-1086.9,-1083.3,-1080,-1077.2,-1074.9,-1073.2,-1072.2,-996.36,-996.65,-997.51,-998.92,-1000.8,-1003.2,-1006,-1009,-1012.2,-1015.5,-1018.7,-1021.7,-1024.3,-1026.6,-1028.2,-1029.3,-1029.6,-1029.3,-1028.2,-1026.6,-1024.3,-1021.7,-1018.7,-1015.5,-1012.2,-1009,-1006,-1003.2,-1000.8,-998.92,-997.51,-996.65,-926.87,-927.11,-927.83,-929.01,-930.61,-932.58,-934.86,-937.38,-940.05,-942.76,-945.42,-947.92,-950.14,-951.98,-953.37,-954.23,-954.52,-954.23,-953.37,-951.98,-950.14,-947.92,-945.42,-942.76,-940.05,-937.38,-934.86,-932.58,-930.61,-929.01,-927.83,-927.11,-862.93,-863.13,-863.72,-864.7,-866.02,-867.65,-869.54,-871.62,-873.83,-876.07,-878.27,-880.33,-882.16,-883.68,-884.83,-885.54,-885.78,-885.54,-884.83,-883.68,-882.16,-880.33,-878.27,-876.07,-873.83,-871.62,-869.54,-867.65,-866.02,-864.7,-863.72,-863.13,-804.08,-804.24,-804.73,-805.53,-806.62,-807.96,-809.51,-811.22,-813.03,-814.88,-816.68,-818.37,-819.87,-821.12,-822.06,-822.64,-822.83,-822.64,-822.06,-821.12,-819.87,-818.37,-816.68,-814.88,-813.03,-811.22,-809.51,-807.96,-806.62,-805.53,-804.73,-804.24,-749.9,-750.04,-750.44,-751.09,-751.97,-753.07,-754.33,-755.72,-757.2,-758.7,-760.16,-761.54,-762.76,-763.78,-764.54,-765.01,-765.17,-765.01,-764.54,-763.78,-762.76,-761.54,-760.16,-758.7,-757.2,-755.72,-754.33,-753.07,-751.97,-751.09,-750.44,-750.04
-745.93,-746.12,-746.69,-747.63,-748.91,-750.5,-752.35,-754.41,-756.61,-758.86,-761.08,-763.18,-765.06,-766.64,-767.82,-768.56,-768.81,-768.56,-767.82,-766.64,-765.06,-763.18,-761.08,-758.86,-756.61,-754.41,-752.35,-750.5,-748.91,-747.63,-746.69,-746.12,-799.25,-799.49,-800.19,-801.34,-802.91,-804.86,-807.14,-809.66,-812.36,-815.13,-817.86,-820.44,-822.75,-824.69,-826.14,-827.05,-827.36,-827.05,-826.14,-824.69,-822.75,-820.44,-817.86,-815.13,-812.36,-809.66,-807.14,-804.86,-802.91,-801.34,-800.19,-799.49,-857.11,-857.39,-858.25,-859.65,-861.56,-863.93,-866.69,-869.77,-873.05,-876.42,-879.75,-882.9,-885.72,-888.09,-889.87,-890.98,-891.35,-890.98,-889.87,-888.09,-885.72,-882.9,-879.75,-876.42,-873.05,-869.77,-866.69,-863.93,-861.56,-859.65,-858.25,-857.39,-919.89,-920.24,-921.27,-922.96,-925.26,-928.13,-931.47,-935.18,-939.16,-943.24,-947.27,-951.08,-954.5,-957.37,-959.53,-960.88,-961.33,-960.88,-959.53,-957.37,-954.5,-951.08,-947.27,-943.24,-939.16,-935.18,-931.47,-928.13,-925.26,-922.96,-921.27,-920.24,-988.03,-988.44,-989.68,-991.7,-994.47,-997.91,-1001.9,-1006.4,-1011.2,-1016.1,-1020.9,-1025.5,-1029.7,-1033.1,-1035.7,-1037.3,-1037.9,-1037.3,-1035.7,-1033.1,-1029.7,-1025.5,-1020.9,-1016.1,-1011.2,-1006.4,-1001.9,-997.91,-994.47,-991.7,-989.68,-988.44,-1062,-1062.5,-1063.9,-1066.3,-1069.6,-1073.7,-1078.5,-1083.9,-1089.6,-1095.5,-1101.3,-1106.8,-1111.8,-1115.9,-1119.1,-1121,-1121.7,-1121,-1119.1,-1115.9,-1111.8,-1106.8,-1101.3,-1095.5,-1089.6,-1083.9,-1078.5,-1073.7,-1069.6,-1066.3,-1063.9,-1062.5,-1142.1,-1142.7,-1144.5,-1147.3,-1151.3,-1156.2,-1161.9,-1168.2,-1175,-1182.1,-1189,-1195.6,-1201.5,-1206.5,-1210.3,-1212.6,-1213.4,-1212.6,-1210.3,-1206.5,-1201.5,-1195.6,-1189,-1182.1,-1175,-1168.2,-1161.9,-1156.2,-1151.3,-1147.3,-1144.5,-1142.7,-1229.1,-1229.8,-1231.8,-1235.2,-1239.9,-1245.6,-1252.4,-1260,-1268.1,-1276.4,-1284.7,-1292.5,-1299.6,-1305.5,-1310,-1312.8,-1313.8,-1312.8,-1310,-1305.5,-1299.6,-1292.5,-1284.7,-1276.4,-1268.1,-1260,-1252.4,-1245.6,-1239.9,-1235.2,-1231.8,-1229.8,-1323.2,-1324,-1326.4,-1330.4,-1335.9,-1342.8,-1350.7,-1359.7,-1369.2,-1379.1,-1388.9,-1398.3,-1406.7,-1413.7,-1419.1,-1422.4,-1423.5,-1422.4,-1419.1,-1413.7,-1406.7,-1398.3,-1388.9,-1379.1,-1369.2,-1359.7,-1350.7,-1342.8,-1335.9,-1330.4,-1326.4,-1324,-1425,-1426,-1428.8,-1433.5,-1440,-1448,-1457.4,-1467.9,-1479.2,-1490.9,-1502.5,-1513.6,-1523.5,-1531.9,-1538.2,-1542.2,-1543.5,-1542.2,-1538.2,-1531.9,-1523.5,-1513.6,-1502.5,-1490.9,-1479.2,-1467.9,-1457.4,-1448,-1440,-1433.5,-1428.8,-1426,-1534.9,-1536.1,-1539.4,-1544.9,-1552.5,-1561.9,-1573,-1585.3,-1598.6,-1612.4,-1626.1,-1639.1,-1650.9,-1660.8,-1668.3,-1673,-1674.6,-1673,-1668.3,-1660.8,-1650.9,-1639.1,-1626.1,-1612.4,-1598.6,-1585.3,-1573,-1561.9,-1552.5,-1544.9,-1539.4,-1536.1,-1653.4,-1654.7,-1658.7,-1665.1,-1673.9,-1684.9,-1697.9,-1712.3,-1727.9,-1744.1,-1760.2,-1775.6,-1789.4,-1801.1,-1810,-1815.5,-1817.4,-1815.5,-1810,-1801.1,-1789.4,-1775.6,-1760.2,-1744.1,-1727.9,-1712.3,-1697.9,-1684.9,-1673.9,-1665.1,-1658.7,-1654.7,-1780.8,-1782.3,-1786.9,-1794.4,-1804.7,-1817.5,-1832.6,-1849.5,-1867.7,-1886.7,-1905.5,-1923.6,-1939.9,-1953.7,-1964.1,-1970.6,-1972.9,-1970.6,-1964.1,-1953.7,-1939.9,-1923.6,-1905.5,-1886.7,-1867.7,-1849.5,-1832.6,-1817.5,-1804.7,-1794.4,-1786.9,-1782.3,-1917.3,-1919.1,-1924.4,-1933,-1945,-1959.9,-1977.4,-1997.1,-2018.4,-2040.5,-2062.6,-2083.7,-2102.8,-2119,-2131.2,-2138.9,-2141.6,-2138.9,-2131.2,-2119,-2102.8,-2083.7,-2062.6,-2040.5,-2018.4,-1997.1,-1977.4,-1959.9,-1945,-1933,-1924.4,-1919.1,-2063,-2065.1,-2071.2,-2081.2,-2095,-2112.3,-2132.6,-2155.5,-2180.2,-2205.9,-2231.6,-2256.3,-2278.6,-2297.5,-2311.9,-2320.9,-2324,-2320.9,-2311.9,-2297.5,-2278.6,-2256.3,-2231.6,-2205.9,-2180.2,-2155.5,-2132.6,-2112.3,-2095,-2081.2,-2071.2,-2065.1,-2217.9,-2220.3,-2227.3,-2238.9,-2254.8,-2274.7,-2298.1,-2324.6,-2353.2,-2383,-2412.9,-2441.5,-2467.6,-2489.6,-2506.4,-2517,-2520.5,-2517,-2506.4,-2489.6,-2467.6,-2441.5,-2412.9,-2383,-2353.2,-2324.6,-2298.1,-2274.7,-2254.8,-2238.9,-2227.3,-2220.3,-2381.7,-2384.4,-2392.4,-2405.7,-2423.9,-2446.8,-2473.8,-2504.2,-2537.2,-2571.7,-2606.2,-2639.4,-2669.6,-2695.3,-2714.8,-2727,-2731.2,-2727,-2714.8,-2695.3,-2669.6,-2639.4,-2606.2,-2571.7,-2537.2,-2504.2,-2473.8,-2446.8,-2423.9,-2405.7,-2392.4,-2384.4,-2553.8,-2556.8,-2566,-2581.1,-2602,-2628.1,-2659,-2693.9,-2731.8,-2771.4,-2811.2,-2849.5,-2884.4,-2914,-2936.6,-2950.8,-2955.7,-2950.8,-2936.6,-2914,-2884.4,-2849.5,-2811.2,-2771.4,-2731.8,-2693.9,-2659,-2628.1,-2602,-2581.1,-2566,-2556.8,-2733.2,-2736.7,-2747.1,-2764.3,-2788,-2817.7,-2852.9,-2892.7,-2936,-2981.3,-3027,-3070.9,-3111,-3145.1,-3171.2,-3187.5,-3193.1,-3187.5,-3171.2,-3145.1,-3111,-3070.9,-3027,-2981.3,-2936,-2892.7,-2852.9,-2817.7,-2788,-2764.3,-2747.1,-2736.7,-2918.7,-2922.7,-2934.4,-2953.9,-2980.6,-3014.3,-3054.2,-3099.3,-3148.5,-3200.1,-3252.1,-3302.2,-3348.1,-3387.1,-3417,-3435.7,-3442.1,-3435.7,-3417,-3387.1,-3348.1,-3302.2,-3252.1,-3200.1,-3148.5,-3099.3,-3054.2,-3014.3,-2980.6,-2953.9,-2934.4,-2922.7,-3108.7,-3113.1,-3126.3,-3148.1,-3178.2,-3216.1,-3261,-3311.9,-3367.4,-3425.7,-3484.6,-3541.5,-3593.6,-3638,-3672,-3693.4,-3700.6,-3693.4,-3672,-3638,-3593.6,-3541.5,-3484.6,-3425.7,-3367.4,-3311.9,-3261,-3216.1,-3178.2,-3148.1,-3126.3,-3113.1,-3300.8,-3305.7,-3320.4,-3344.8,-3378.4,-3420.7,-3470.9,-3528,-3590.2,-3655.7,-3722,-3786.1,-3844.9,-3895,-3933.5,-3957.6,-3965.9,-3957.6,-3933.5,-3895,-3844.9,-3786.1,-3722,-3655.7,-3590.2,-3528,-3470.9,-3420.7,-3378.4,-3344.8,-3320.4,-3305.7,-3492.5,-3498,-3514.3,-3541.2,-3578.4,-3625.4,-3681.2,-3744.6,-3813.9,-3886.9,-3960.9,-4032.6,-4098.5,-4154.7,-4197.7,-4224.9,-4234.1,-4224.9,-4197.7,-4154.7,-4098.5,-4032.6,-3960.9,-3886.9,-3813.9,-3744.6,-3681.2,-3625.4,-3578.4,-3541.2,-3514.3,-3498,-3680.8,-3686.8,-3704.6,-3734.2,-3775.2,-3826.8,-3888.3,-3958.2,-4034.8,-4115.6,-4197.5,-4277,-4350.1,-4412.5,-4460.5,-4490.7,-4501,-4490.7,-4460.5,-4412.5,-4350.1,-4277,-4197.5,-4115.6,-4034.8,-3958.2,-3888.3,-3826.8,-3775.2,-3734.2,-3704.6,-3686.8,-3862,-3868.6,-3888.1,-3920.3,-3964.9,-4021.3,-4088.4,-4164.9,-4248.7,-4337.2,-4427.1,-4514.5,-4594.8,-4663.6,-4716.4,-4749.7,-4761.1,-4749.7,-4716.4,-4663.6,-4594.8,-4514.5,-4427.1,-4337.2,-4248.7,-4164.9,-4088.4,-4021.3,-3964.9,-3920.3,-3888.1,-3868.6,-4032.6,-4039.6,-4060.7,-4095.5,-4143.7,-4204.6,-4277.3,-4360.1,-4450.9,-4547,-4644.7,-4739.8,-4827.3,-4902.3,-4959.9,-4996.3,-5008.7,-4996.3,-4959.9,-4902.3,-4827.3,-4739.8,-4644.7,-4547,-4450.9,-4360.1,-4277.3,-4204.6,-4143.7,-4095.5,-4060.7,-4039.6,-4188.5,-4196.1,-4218.5,-4255.8,-4307.3,-4372.6,-4450.4,-4539.1,-4636.7,-4739.9,-4845,-4947.3,-5041.6,-5122.5,-5184.7,-5223.9,-5237.3,-5223.9,-5184.7,-5122.5,-5041.6,-4947.3,-4845,-4739.9,-4636.7,-4539.1,-4450.4,-4372.6,-4307.3,-4255.8,-4218.5,-4196.1,-4325.9,-4333.9,-4357.6,-4397.1,-4451.7,-4520.7,-4603.2,-4697.4,-4801,-4910.7,-5022.4,-5131.4,-5231.9,-5318.1,-5384.4,-5426.3,-5440.6,-5426.3,-5384.4,-5318.1,-5231.9,-5131.4,-5022.4,-4910.7,-4801,-4697.4,-4603.2,-4520.7,-4451.7,-4397.1,-4357.6,-4333.9,-4441,-4449.3,-4474.2,-4515.5,-4572.7,-4645.1,-4731.6,-4830.4,-4939.1,-5054.3,-5171.9,-5286.5,-5392.3,-5483.1,-5553,-5597.1,-5612.2,-5597.1,-5553,-5483.1,-5392.3,-5286.5,-5171.9,-5054.3,-4939.1,-4830.4,-4731.6,-4645.1,-4572.7,-4515.5,-4474.2,-4449.3,-4530.6,-4539.2,-4565,-4607.7,-4666.9,-4741.9,-4831.6,-4934,-5046.8,-5166.5,-5288.6,-5407.7,-5517.7,-5612.1,-5684.9,-5730.8,-5746.5,-5730.8,-5684.9,-5612.1,-5517.7,-5407.7,-5288.6,-5166.5,-5046.8,-4934,-4831.6,-4741.9,-4666.9,-4607.7,-4565,-4539.2,-4591.9,-4600.7,-4627.1,-4670.8,-4731.4,-4808.3,-4900.1,-5005.1,-5120.7,-5243.4,-5368.7,-5490.9,-5603.8,-5700.8,-5775.6,-5822.7,-5838.9,-5822.7,-5775.6,-5700.8,-5603.8,-5490.9,-5368.7,-5243.4,-5120.7,-5005.1,-4900.1,-4808.3,-4731.4,-4670.8,-4627.1,-4600.7,-4623,-4631.9,-4658.6,-4702.9,-4764.2,-4842,-4934.9,-5041.2,-5158.3,-5282.6,-5409.4,-5533.3,-5647.7,-5746,-5821.7,-5869.6,-5885.9,-5869.6,-5821.7,-5746,-5647.7,-5533.3,-5409.4,-5282.6,-5158.3,-5041.2,-4934.9,-4842,-4764.2,-4702.9,-4658.6,-4631.9,-4623,-4631.9,-4658.6,-4702.9,-4764.2,-4842,-4934.9,-5041.2,-5158.3,-5282.6,-5409.4,-5533.3,-5647.7,-5746,-5821.7,-5869.6,-5885.9,-5869.6,-5821.7,-5746,-5647.7,-5533.3,-5409.4,-5282.6,-5158.3,-5041.2,-4934.9,-4842,-4764.2,-4702.9,-4658.6,-4631.9,-4591.9,-4600.7,-4627.1,-4670.8,-4731.4,-4808.3,-4900.1,-5005.1,-5120.7,-5243.4,-5368.7,-5490.9,-5603.8,-5700.8,-5775.6,-5822.7,-5838.9,-5822.7,-5775.6,-5700.8,-5603.8,-5490.9,-5368.7,-5243.4,-5120.7,-5005.1,-4900.1,-4808.3,-4731.4,-4670.8,-4627.1,-4600.7,-4530.6,-4539.2,-4565,-4607.7,-4666.9,-4741.9,-4831.6,-4934,-5046.8,-5166.5,-5288.6,-5407.7,-5517.7,-5612.1,-5684.9,-5730.8,-5746.5,-5730.8,-5684.9,-5612.1,-5517.7,-5407.7,-5288.6,-5166.5,-5046.8,-4934,-4831.6,-4741.9,-4666.9,-4607.7,-4565,-4539.2,-4441,-4449.3,-4474.2,-4515.5,-4572.7,-4645.1,-4731.6,-4830.4,-4939.1,-5054.3,-5171.9,-5286.5,-5392.3,-5483.1,-5553,-5597.1,-5612.2,-5597.1,-5553,-5483.1,-5392.3,-5286.5,-5171.9,-5054.3,-4939.1,-4830.4,-4731.6,-4645.1,-4572.7,-4515.5,-4474.2,-4449.3,-4325.9,-4333.9,-4357.6,-4397.1,-4451.7,-4520.7,-4603.2,-4697.4,-4801,-4910.7,-5022.4,-5131.4,-5231.9,-5318.1,-5384.4,-5426.3,-5440.6,-5426.3,-5384.4,-5318.1,-5231.9,-5131.4,-5022.4,-4910.7,-4801,-4697.4,-4603.2,-4520.7,-4451.7,-4397.1,-4357.6,-4333.9,-4188.5,-4196.1,-4218.5,-4255.8,-4307.3,-4372.6,-4450.4,-4539.1,-4636.7,-4739.9,-4845,-4947.3,-5041.6,-5122.5,-5184.7,-5223.9,-5237.3,-5223.9,-5184.7,-5122.5,-5041.6,-4947.3,-4845,-4739.9,-4636.7,-4539.1,-4450.4,-4372.6,-4307.3,-4255.8,-4218.5,-4196.1,-4032.6,-4039.6,-4060.7,-4095.5,-4143.7,-4204.6,-4277.3,-4360.1,-4450.9,-4547,-4644.7,-4739.8,-4827.3,-4902.3,-4959.9,-4996.3,-5008.7,-4996.3,-4959.9,-4902.3,-4827.3,-4739.8,-4644.7,-4547,-4450.9,-4360.1,-4277.3,-4204.6,-4143.7,-4095.5,-4060.7,-4039.6,-3862,-3868.6,-3888.1,-3920.3,-3964.9,-4021.3,-4088.4,-4164.9,-4248.7,-4337.2,-4427.1,-4514.5,-4594.8,-4663.6,-4716.4,-4749.7,-4761.1,-4749.7,-4716.4,-4663.6,-4594.8,-4514.5,-4427.1,-4337.2,-4248.7,-4164.9,-4088.4,-4021.3,-3964.9,-3920.3,-3888.1,-3868.6,-3680.8,-3686.8,-3704.6,-3734.2,-3775.2,-3826.8,-3888.3,-3958.2,-4034.8,-4115.6,-4197.5,-4277,-4350.1,-4412.5,-4460.5,-4490.7,-4501,-4490.7,-4460.5,-4412.5,-4350.1,-4277,-4197.5,-4115.6,-4034.8,-3958.2,-3888.3,-3826.8,-3775.2,-3734.2,-3704.6,-3686.8,-3492.5,-3498,-3514.3,-3541.2,-3578.4,-3625.4,-3681.2,-3744.6,-3813.9,-3886.9,-3960.9,-4032.6,-4098.5,-4154.7,-4197.7,-4224.9,-4234.1,-4224.9,-4197.7,-4154.7,-4098.5,-4032.6,-3960.9,-3886.9,-3813.9,-3744.6,-3681.2,-3625.4,-3578.4,-3541.2,-3514.3,-3498,-3300.8,-3305.7,-3320.4,-3344.8,-3378.4,-3420.7,-3470.9,-3528,-3590.2,-3655.7,-3722,-3786.1,-3844.9,-3895,-3933.5,-3957.6,-3965.9,-3957.6,-3933.5,-3895,-3844.9,-3786.1,-3722,-3655.7,-3590.2,-3528,-3470.9,-3420.7,-3378.4,-3344.8,-3320.4,-3305.7,-3108.7,-3113.1,-3126.3,-3148.1,-3178.2,-3216.1,-3261,-3311.9,-3367.4,-3425.7,-3484.6,-3541.5,-3593.6,-3638,-3672,-3693.4,-3700.6,-3693.4,-3672,-3638,-3593.6,-3541.5,-3484.6,-3425.7,-3367.4,-3311.9,-3261,-3216.1,-3178.2,-3148.1,-3126.3,-3113.1,-2918.7,-2922.7,-2934.4,-2953.9,-2980.6,-3014.3,-3054.2,-3099.3,-3148.5,-3200.1,-3252.1,-3302.2,-3348.1,-3387.1,-3417,-3435.7,-3442.1,-3435.7,-3417,-3387.1,-3348.1,-3302.2,-3252.1,-3200.1,-3148.5,-3099.3,-3054.2,-3014.3,-2980.6,-2953.9,-2934.4,-2922.7,-2733.2,-2736.7,-2747.1,-2764.3,-2788,-2817.7,-2852.9,-2892.7,-2936,-2981.3,-3027,-3070.9,-3111,-3145.1,-3171.2,-3187.5,-3193.1,-3187.5,-3171.2,-3145.1,-3111,-3070.9,-3027,-2981.3,-2936,-2892.7,-2852.9,-2817.7,-2788,-2764.3,-2747.1,-2736.7,-2553.8,-2556.8,-2566,-2581.1,-2602,-2628.1,-2659,-2693.9,-2731.8,-2771.4,-2811.2,-2849.5,-2884.4,-2914,-2936.6,-2950.8,-2955.7,-2950.8,-2936.6,-2914,-2884.4,-2849.5,-2811.2,-2771.4,-2731.8,-2693.9,-2659,-2628.1,-2602,-2581.1,-2566,-2556.8,-2381.7,-2384.4,-2392.4,-2405.7,-2423.9,-2446.8,-2473.8,-2504.2,-2537.2,-2571.7,-2606.2,-2639.4,-2669.6,-2695.3,-2714.8,-2727,-2731.2,-2727,-2714.8,-2695.3,-2669.6,-2639.4,-2606.2,-2571.7,-2537.2,-2504.2,-2473.8,-2446.8,-2423.9,-2405.7,-2392.4,-2384.4,-2217.9,-2220.3,-2227.3,-2238.9,-2254.8,-2274.7,-2298.1,-2324.6,-2353.2,-2383,-2412.9,-2441.5,-2467.6,-2489.6,-2506.4,-2517,-2520.5,-2517,-2506.4,-2489.6,-2467.6,-2441.5,-2412.9,-2383,-2353.2,-2324.6,-2298.1,-2274.7,-2254.8,-2238.9,-2227.3,-2220.3,-2063,-2065.1,-2071.2,-2081.2,-2095,-2112.3,-2132.6,-2155.5,-2180.2,-2205.9,-2231.6,-2256.3,-2278.6,-2297.5,-2311.9,-2320.9,-2324,-2320.9,-2311.9,-2297.5,-2278.6,-2256.3,-2231.6,-2205.9,-2180.2,-2155.5,-2132.6,-2112.3,-2095,-2081.2,-2071.2,-2065.1,-1917.3,-1919.1,-1924.4,-1933,-1945,-1959.9,-1977.4,-1997.1,-2018.4,-2040.5,-2062.6,-2083.7,-2102.8,-2119,-2131.2,-2138.9,-2141.6,-2138.9,-2131.2,-2119,-2102.8,-2083.7,-2062.6,-2040.5,-2018.4,-1997.1,-1977.4,-1959.9,-1945,-1933,-1924.4,-1919.1,-1780.8,-1782.3,-1786.9,-1794.4,-1804.7,-1817.5,-1832.6,-1849.5,-1867.7,-1886.7,-1905.5,-1923.6,-1939.9,-1953.7,-1964.1,-1970.6,-1972.9,-1970.6,-1964.1,-1953.7,-1939.9,-1923.6,-1905.5,-1886.7,-1867.7,-1849.5,-1832.6,-1817.5,-1804.7,-1794.4,-1786.9,-1782.3,-1653.4,-1654.7,-1658.7,-1665.1,-1673.9,-1684.9,-1697.9,-1712.3,-1727.9,-1744.1,-1760.2,-1775.6,-1789.4,-1801.1,-1810,-1815.5,-1817.4,-1815.5,-1810,-1801.1,-1789.4,-1775.6,-1760.2,-1744.1,-1727.9,-1712.3,-1697.9,-1684.9,-1673.9,-1665.1,-1658.7,-1654.7,-1534.9,-1536.1,-1539.4,-1544.9,-1552.5,-1561.9,-1573,-1585.3,-1598.6,-1612.4,-1626.1,-1639.1,-1650.9,-1660.8,-1668.3,-1673,-1674.6,-1673,-1668.3,-1660.8,-1650.9,-1639.1,-1626.1,-1612.4,-1598.6,-1585.3,-1573,-1561.9,-1552.5,-1544.9,-1539.4,-1536.1,-1425,-1426,-1428.8,-1433.5,-1440,-1448,-1457.4,-1467.9,-1479.2,-1490.9,-1502.5,-1513.6,-1523.5,-1531.9,-1538.2,-1542.2,-1543.5,-1542.2,-1538.2,-1531.9,-1523.5,-1513.6,-1502.5,-1490.9,-1479.2,-1467.9,-1457.4,-1448,-1440,-1433.5,-1428.8,-1426,-1323.2,-1324,-1326.4,-1330.4,-1335.9,-1342.8,-1350.7,-1359.7,-1369.2,-1379.1,-1388.9,-1398.3,-1406.7,-1413.7,-1419.1,-1422.4,-1423.5,-1422.4,-1419.1,-1413.7,-1406.7,-1398.3,-1388.9,-1379.1,-1369.2,-1359.7,-1350.7,-1342.8,-1335.9,-1330.4,-1326.4,-1324,-1229.1,-1229.8,-1231.8,-1235.2,-1239.9,-1245.6,-1252.4,-1260,-1268.1,-1276.4,-1284.7,-1292.5,-1299.6,-1305.5,-1310,-1312.8,-1313.8,-1312.8,-1310,-1305.5,-1299.6,-1292.5,-1284.7,-1276.4,-1268.1,-1260,-1252.4,-1245.6,-1239.9,-1235.2,-1231.8,-1229.8,-1142.1,-1142.7,-1144.5,-1147.3,-1151.3,-1156.2,-1161.9,-1168.2,-1175,-1182.1,-1189,-1195.6,-1201.5,-1206.5,-1210.3,-1212.6,-1213.4,-1212.6,-1210.3,-1206.5,-1201.5,-1195.6,-1189,-1182.1,-1175,-1168.2,-1161.9,-1156.2,-1151.3,-1147.3,-1144.5,-1142.7,-1062,-1062.5,-1063.9,-1066.3,-1069.6,-1073.7,-1078.5,-1083.9,-1089.6,-1095.5,-1101.3,-1106.8,-1111.8,-1115.9,-1119.1,-1121,-1121.7,-1121,-1119.1,-1115.9,-1111.8,-1106.8,-1101.3,-1095.5,-1089.6,-1083.9,-1078.5,-1073.7,-1069.6,-1066.3,-1063.9,-1062.5,-988.03,-988.44,-989.68,-991.7,-994.47,-997.91,-1001.9,-1006.4,-1011.2,-1016.1,-1020.9,-1025.5,-1029.7,-1033.1,-1035.7,-1037.3,-1037.9,-1037.3,-1035.7,-1033.1,-1029.7,-1025.5,-1020.9,-1016.1,-1011.2,-1006.4,-1001.9,-997.91,-994.47,-991.7,-989.68,-988.44,-919.89,-920.24,-921.27,-922.96,-925.26,-928.13,-931.47,-935.18,-939.16,-943.24,-947.27,-951.08,-954.5,-957.37,-959.53,-960.88,-961.33,-960.88,-959.53,-957.37,-954.5,-951.08,-947.27,-943.24,-939.16,-935.18,-931.47,-928.13,-925.26,-922.96,-921.27,-920.24,-857.11,-857.39,-858.25,-859.65,-861.56,-863.93,-866.69,-869.77,-873.05,-876.42,-879.75,-882.9,-885.72,-888.09,-889.87,-890.98,-891.35,-890.98,-889.87,-888.09,-885.72,-882.9,-879.75,-876.42,-873.05,-869.77,-866.69,-863.93,-861.56,-859.65,-858.25,-857.39,-799.25,-799.49,-800.19,-801.34,-802.91,-804.86,-807.14,-809.66,-812.36,-815.13,-817.86,-820.44,-822.75,-824.69,-826.14,-827.05,-827.36,-827.05,-826.14,-824.69,-822.75,-820.44,-817.86,-815.13,-812.36,-809.66,-807.14,-804.86,-802.91,-801.34,-800.19,-799.49,-745.93,-746.12,-746.69,-747.63,-748.91,-750.5,-752.35,-754.41,-756.61,-758.86,-761.08,-763.18,-765.06,-766.64,-767.82,-768.56,-768.81,-768.56,-767.82,-766.64,-765.06,-763.18,-761.08,-758.86,-756.61,-754.41,-752.35,-750.5,-748.91,-747.63,-746.69,-746.12
-741.9,-742.15,-742.88,-744.08,-745.72,-747.77,-750.18,-752.88,-755.78,-758.79,-761.78,-764.62,-767.19,-769.36,-771,-772.02,-772.37,-772.02,-771,-769.36,-767.19,-764.62,-761.78,-758.79,-755.78,-752.88,-750.18,-747.77,-745.72,-744.08,-742.88,-742.15,-794.38,-794.68,-795.57,-797.04,-799.06,-801.58,-804.54,-807.85,-811.41,-815.1,-818.78,-822.28,-825.44,-828.11,-830.12,-831.39,-831.81,-831.39,-830.12,-828.11,-825.44,-822.28,-818.78,-815.1,-811.41,-807.85,-804.54,-801.58,-799.06,-797.04,-795.57,-794.68,-851.25,-851.61,-852.7,-854.49,-856.94,-860,-863.6,-867.63,-871.97,-876.47,-880.95,-885.22,-889.08,-892.33,-894.8,-896.34,-896.87,-896.34,-894.8,-892.33,-889.08,-885.22,-880.95,-876.47,-871.97,-867.63,-863.6,-860,-856.94,-854.49,-852.7,-851.61,-912.89,-913.33,-914.64,-916.8,-919.75,-923.45,-927.79,-932.66,-937.91,-943.35,-948.78,-953.96,-958.64,-962.59,-965.59,-967.46,-968.1,-967.46,-965.59,-962.59,-958.64,-953.96,-948.78,-943.35,-937.91,-932.66,-927.79,-923.45,-919.75,-916.8,-914.64,-913.33,-979.7,-980.23,-981.79,-984.38,-987.92,-992.36,-997.57,-1003.4,-1009.7,-1016.3,-1022.8,-1029.1,-1034.7,-1039.5,-1043.1,-1045.4,-1046.1,-1045.4,-1043.1,-1039.5,-1034.7,-1029.1,-1022.8,-1016.3,-1009.7,-1003.4,-997.57,-992.36,-987.92,-984.38,-981.79,-980.23,-1052.1,-1052.7,-1054.6,-1057.7,-1061.9,-1067.2,-1073.4,-1080.4,-1087.9,-1095.8,-1103.6,-1111.1,-1117.9,-1123.7,-1128,-1130.8,-1131.7,-1130.8,-1128,-1123.7,-1117.9,-1111.1,-1103.6,-1095.8,-1087.9,-1080.4,-1073.4,-1067.2,-1061.9,-1057.7,-1054.6,-1052.7,-1130.5,-1131.2,-1133.5,-1137.1,-1142.1,-1148.4,-1155.8,-1164.1,-1173.1,-1182.5,-1191.8,-1200.8,-1208.9,-1215.8,-1221.1,-1224.3,-1225.4,-1224.3,-1221.1,-1215.8,-1208.9,-1200.8,-1191.8,-1182.5,-1173.1,-1164.1,-1155.8,-1148.4,-1142.1,-1137.1,-1133.5,-1131.2,-1215.3,-1216.2,-1218.8,-1223.2,-1229.1,-1236.5,-1245.3,-1255.2,-1265.8,-1277,-1288.1,-1298.8,-1308.5,-1316.7,-1323,-1326.9,-1328.2,-1326.9,-1323,-1316.7,-1308.5,-1298.8,-1288.1,-1277,-1265.8,-1255.2,-1245.3,-1236.5,-1229.1,-1223.2,-1218.8,-1216.2,-1307.1,-1308.1,-1311.2,-1316.3,-1323.3,-1332,-1342.4,-1354,-1366.7,-1379.9,-1393.1,-1405.8,-1417.3,-1427.1,-1434.6,-1439.3,-1440.9,-1439.3,-1434.6,-1427.1,-1417.3,-1405.8,-1393.1,-1379.9,-1366.7,-1354,-1342.4,-1332,-1323.3,-1316.3,-1311.2,-1308.1,-1406.2,-1407.4,-1411,-1417,-1425.2,-1435.5,-1447.6,-1461.4,-1476.3,-1491.8,-1507.5,-1522.5,-1536.2,-1547.9,-1556.8,-1562.3,-1564.2,-1562.3,-1556.8,-1547.9,-1536.2,-1522.5,-1507.5,-1491.8,-1476.3,-1461.4,-1447.6,-1435.5,-1425.2,-1417,-1411,-1407.4,-1513,-1514.4,-1518.6,-1525.6,-1535.2,-1547.2,-1561.5,-1577.6,-1595.2,-1613.5,-1632,-1649.8,-1666,-1679.8,-1690.3,-1696.9,-1699.2,-1696.9,-1690.3,-1679.8,-1666,-1649.8,-1632,-1613.5,-1595.2,-1577.6,-1561.5,-1547.2,-1535.2,-1525.6,-1518.6,-1514.4,-1627.9,-1629.5,-1634.4,-1642.6,-1653.8,-1667.8,-1684.5,-1703.4,-1723.9,-1745.5,-1767.2,-1788.2,-1807.3,-1823.6,-1836.1,-1843.9,-1846.6,-1843.9,-1836.1,-1823.6,-1807.3,-1788.2,-1767.2,-1745.5,-1723.9,-1703.4,-1684.5,-1667.8,-1653.8,-1642.6,-1634.4,-1629.5,-1751.2,-1753.1,-1758.8,-1768.2,-1781.2,-1797.6,-1817,-1839.1,-1863.1,-1888.3,-1913.8,-1938.5,-1961,-1980.2,-1995,-2004.2,-2007.4,-2004.2,-1995,-1980.2,-1961,-1938.5,-1913.8,-1888.3,-1863.1,-1839.1,-1817,-1797.6,-1781.2,-1768.2,-1758.8,-1753.1,-1883,-1885.2,-1891.8,-1902.7,-1917.8,-1936.8,-1959.4,-1985,-2013,-2042.5,-2072.3,-2101.2,-2127.7,-2150.3,-2167.6,-2178.5,-2182.2,-2178.5,-2167.6,-2150.3,-2127.7,-2101.2,-2072.3,-2042.5,-2013,-1985,-1959.4,-1936.8,-1917.8,-1902.7,-1891.8,-1885.2,-2023.5,-2026.1,-2033.7,-2046.3,-2063.7,-2085.6,-2111.7,-2141.4,-2174,-2208.2,-2243,-2276.8,-2307.8,-2334.3,-2354.6,-2367.4,-2371.8,-2367.4,-2354.6,-2334.3,-2307.8,-2276.8,-2243,-2208.2,-2174,-2141.4,-2111.7,-2085.6,-2063.7,-2046.3,-2033.7,-2026.1,-2172.5,-2175.4,-2184.2,-2198.7,-2218.7,-2243.9,-2274.1,-2308.4,-2346,-2385.8,-2426.2,-2465.4,-2501.6,-2532.6,-2556.4,-2571.4,-2576.5,-2571.4,-2556.4,-2532.6,-2501.6,-2465.4,-2426.2,-2385.8,-2346,-2308.4,-2274.1,-2243.9,-2218.7,-2198.7,-2184.2,-2175.4,-2329.7,-2333.1,-2343.1,-2359.6,-2382.5,-2411.5,-2446.1,-2485.6,-2528.9,-2574.9,-2621.6,-2667.2,-2709.2,-2745.2,-2773,-2790.5,-2796.5,-2790.5,-2773,-2745.2,-2709.2,-2667.2,-2621.6,-2574.9,-2528.9,-2485.6,-2446.1,-2411.5,-2382.5,-2359.6,-2343.1,-2333.1,-2494.6,-2498.4,-2509.7,-2528.6,-2554.7,-2587.8,-2627.3,-2672.5,-2722.3,-2775.1,-2829,-2881.6,-2930.2,-2971.9,-3004.1,-3024.5,-3031.4,-3024.5,-3004.1,-2971.9,-2930.2,-2881.6,-2829,-2775.1,-2722.3,-2672.5,-2627.3,-2587.8,-2554.7,-2528.6,-2509.7,-2498.4,-2666.1,-2670.4,-2683.3,-2704.7,-2734.3,-2771.9,-2816.8,-2868.3,-2925.1,-2985.5,-3047.3,-3107.8,-3163.7,-3211.9,-3249,-3272.5,-3280.6,-3272.5,-3249,-3211.9,-3163.7,-3107.8,-3047.3,-2985.5,-2925.1,-2868.3,-2816.8,-2771.9,-2734.3,-2704.7,-2683.3,-2670.4,-2843.1,-2847.9,-2862.4,-2886.5,-2920,-2962.4,-3013.3,-3071.7,-3136.1,-3204.9,-3275.3,-3344.4,-3408.4,-3463.7,-3506.4,-3533.4,-3542.6,-3533.4,-3506.4,-3463.7,-3408.4,-3344.4,-3275.3,-3204.9,-3136.1,-3071.7,-3013.3,-2962.4,-2920,-2886.5,-2862.4,-2847.9,-3023.9,-3029.3,-3045.5,-3072.5,-3110,-3157.7,-3214.9,-3280.6,-3353.4,-3431.1,-3511,-3589.4,-3662.3,-3725.2,-3773.9,-3804.8,-3815.4,-3804.8,-3773.9,-3725.2,-3662.3,-3589.4,-3511,-3431.1,-3353.4,-3280.6,-3214.9,-3157.7,-3110,-3072.5,-3045.5,-3029.3,-3206.4,-3212.4,-3230.5,-3260.5,-3302.3,-3355.5,-3419.4,-3492.9,-3574.5,-3661.8,-3751.6,-3840.1,-3922.4,-3993.7,-4048.9,-4083.9,-4095.9,-4083.9,-4048.9,-3993.7,-3922.4,-3840.1,-3751.6,-3661.8,-3574.5,-3492.9,-3419.4,-3355.5,-3302.3,-3260.5,-3230.5,-3212.4,-3388.1,-3394.8,-3414.7,-3447.9,-3494.1,-3553,-3623.9,-3705.6,-3796.4,-3893.7,-3994,-4093,-4185.4,-4265.4,-4327.4,-4366.9,-4380.4,-4366.9,-4327.4,-4265.4,-4185.4,-4093,-3994,-3893.7,-3796.4,-3705.6,-3623.9,-3553,-3494.1,-3447.9,-3414.7,-3394.8,-3566.2,-3573.5,-3595.4,-3631.8,-3682.5,-3747.2,-3825.1,-3915.2,-4015.4,-4123,-4234.1,-4344,-4446.7,-4535.7,-4604.9,-4648.9,-4664,-4648.9,-4604.9,-4535.7,-4446.7,-4344,-4234.1,-4123,-4015.4,-3915.2,-3825.1,-3747.2,-3682.5,-3631.8,-3595.4,-3573.5,-3737.4,-3745.3,-3769.1,-3808.7,-3863.9,-3934.4,-4019.4,-4117.7,-4227.3,-4345.3,-4467.3,-4588.1,-4701.2,-4799.4,-4875.9,-4924.4,-4941.1,-4924.4,-4875.9,-4799.4,-4701.2,-4588.1,-4467.3,-4345.3,-4227.3,-4117.7,-4019.4,-3934.4,-3863.9,-3808.7,-3769.1,-3745.3,-3898.2,-3906.7,-3932.4,-3975,-4034.6,-4110.6,-4202.5,-4308.9,-4427.8,-4555.8,-4688.4,-4820,-4943.3,-5050.5,-5134,-5187.2,-5205.4,-5187.2,-5134,-5050.5,-4943.3,-4820,-4688.4,-4555.8,-4427.8,-4308.9,-4202.5,-4110.6,-4034.6,-3975,-3932.4,-3906.7,-4045,-4054.1,-4081.4,-4127,-4190.6,-4271.9,-4370.3,-4484.3,-4611.8,-4749.3,-4892,-5033.7,-5166.7,-5282.5,-5372.8,-5430.2,-5450,-5430.2,-5372.8,-5282.5,-5166.7,-5033.7,-4892,-4749.3,-4611.8,-4484.3,-4370.3,-4271.9,-4190.6,-4127,-4081.4,-4054.1,-4174.1,-4183.7,-4212.6,-4260.8,-4328,-4414.1,-4518.3,-4639.2,-4774.5,-4920.6,-5072.5,-5223.4,-5365.2,-5488.8,-5585.2,-5646.6,-5667.7,-5646.6,-5585.2,-5488.8,-5365.2,-5223.4,-5072.5,-4920.6,-4774.5,-4639.2,-4518.3,-4414.1,-4328,-4260.8,-4212.6,-4183.7,-4282.2,-4292.2,-4322.5,-4372.8,-4443.2,-4533.3,-4642.5,-4769.3,-4911.3,-5064.8,-5224.5,-5383.4,-5532.8,-5663.1,-5764.8,-5829.6,-5851.9,-5829.6,-5764.8,-5663.1,-5532.8,-5383.4,-5224.5,-5064.8,-4911.3,-4769.3,-4642.5,-4533.3,-4443.2,-4372.8,-4322.5,-4292.2,-4366.2,-4376.6,-4407.9,-4460,-4532.8,-4626.1,-4739.2,-4870.6,-5017.9,-5177.3,-5343.2,-5508.4,-5663.8,-5799.5,-5905.4,-5972.9,-5996.1,-5972.9,-5905.4,-5799.5,-5663.8,-5508.4,-5343.2,-5177.3,-5017.9,-4870.6,-4739.2,-4626.1,-4532.8,-4460,-4407.9,-4376.6,-4423.6,-4434.3,-4466.3,-4519.6,-4594.1,-4689.7,-4805.5,-4940.1,-5091.1,-5254.5,-5424.8,-5594.3,-5753.9,-5893.3,-6002.2,-6071.6,-6095.4,-6071.6,-6002.2,-5893.3,-5753.9,-5594.3,-5424.8,-5254.5,-5091.1,-4940.1,-4805.5,-4689.7,-4594.1,-4519.6,-4466.3,-4434.3,-4452.8,-4463.6,-4495.9,-4549.9,-4625.3,-4722,-4839.2,-4975.4,-5128.3,-5293.8,-5466.3,-5638,-5799.8,-5941.1,-6051.5,-6121.8,-6146,-6121.8,-6051.5,-5941.1,-5799.8,-5638,-5466.3,-5293.8,-5128.3,-4975.4,-4839.2,-4722,-4625.3,-4549.9,-4495.9,-4463.6,-4452.8,-4463.6,-4495.9,-4549.9,-4625.3,-4722,-4839.2,-4975.4,-5128.3,-5293.8,-5466.3,-5638,-5799.8,-5941.1,-6051.5,-6121.8,-6146,-6121.8,-6051.5,-5941.1,-5799.8,-5638,-5466.3,-5293.8,-5128.3,-4975.4,-4839.2,-4722,-4625.3,-4549.9,-4495.9,-4463.6,-4423.6,-4434.3,-4466.3,-4519.6,-4594.1,-4689.7,-4805.5,-4940.1,-5091.1,-5254.5,-5424.8,-5594.3,-5753.9,-5893.3,-6002.2,-6071.6,-6095.4,-6071.6,-6002.2,-5893.3,-5753.9,-5594.3,-5424.8,-5254.5,-5091.1,-4940.1,-4805.5,-4689.7,-4594.1,-4519.6,-4466.3,-4434.3,-4366.2,-4376.6,-4407.9,-4460,-4532.8,-4626.1,-4739.2,-4870.6,-5017.9,-5177.3,-5343.2,-5508.4,-5663.8,-5799.5,-5905.4,-5972.9,-5996.1,-5972.9,-5905.4,-5799.5,-5663.8,-5508.4,-5343.2,-5177.3,-5017.9,-4870.6,-4739.2,-4626.1,-4532.8,-4460,-4407.9,-4376.6,-4282.2,-4292.2,-4322.5,-4372.8,-4443.2,-4533.3,-4642.5,-4769.3,-4911.3,-5064.8,-5224.5,-5383.4,-5532.8,-5663.1,-5764.8,-5829.6,-5851.9,-5829.6,-5764.8,-5663.1,-5532.8,-5383.4,-5224.5,-5064.8,-4911.3,-4769.3,-4642.5,-4533.3,-4443.2,-4372.8,-4322.5,-4292.2,-4174.1,-4183.7,-4212.6,-4260.8,-4328,-4414.1,-4518.3,-4639.2,-4774.5,-4920.6,-5072.5,-5223.4,-5365.2,-5488.8,-5585.2,-5646.6,-5667.7,-5646.6,-5585.2,-5488.8,-5365.2,-5223.4,-5072.5,-4920.6,-4774.5,-4639.2,-4518.3,-4414.1,-4328,-4260.8,-4212.6,-4183.7,-4045,-4054.1,-4081.4,-4127,-4190.6,-4271.9,-4370.3,-4484.3,-4611.8,-4749.3,-4892,-5033.7,-5166.7,-5282.5,-5372.8,-5430.2,-5450,-5430.2,-5372.8,-5282.5,-5166.7,-5033.7,-4892,-4749.3,-4611.8,-4484.3,-4370.3,-4271.9,-4190.6,-4127,-4081.4,-4054.1,-3898.2,-3906.7,-3932.4,-3975,-4034.6,-4110.6,-4202.5,-4308.9,-4427.8,-4555.8,-4688.4,-4820,-4943.3,-5050.5,-5134,-5187.2,-5205.4,-5187.2,-5134,-5050.5,-4943.3,-4820,-4688.4,-4555.8,-4427.8,-4308.9,-4202.5,-4110.6,-4034.6,-3975,-3932.4,-3906.7,-3737.4,-3745.3,-3769.1,-3808.7,-3863.9,-3934.4,-4019.4,-4117.7,-4227.3,-4345.3,-4467.3,-4588.1,-4701.2,-4799.4,-4875.9,-4924.4,-4941.1,-4924.4,-4875.9,-4799.4,-4701.2,-4588.1,-4467.3,-4345.3,-4227.3,-4117.7,-4019.4,-3934.4,-3863.9,-3808.7,-3769.1,-3745.3,-3566.2,-3573.5,-3595.4,-3631.8,-3682.5,-3747.2,-3825.1,-3915.2,-4015.4,-4123,-4234.1,-4344,-4446.7,-4535.7,-4604.9,-4648.9,-4664,-4648.9,-4604.9,-4535.7,-4446.7,-4344,-4234.1,-4123,-4015.4,-3915.2,-3825.1,-3747.2,-3682.5,-3631.8,-3595.4,-3573.5,-3388.1,-3394.8,-3414.7,-3447.9,-3494.1,-3553,-3623.9,-3705.6,-3796.4,-3893.7,-3994,-4093,-4185.4,-4265.4,-4327.4,-4366.9,-4380.4,-4366.9,-4327.4,-4265.4,-4185.4,-4093,-3994,-3893.7,-3796.4,-3705.6,-3623.9,-3553,-3494.1,-3447.9,-3414.7,-3394.8,-3206.4,-3212.4,-3230.5,-3260.5,-3302.3,-3355.5,-3419.4,-3492.9,-3574.5,-3661.8,-3751.6,-3840.1,-3922.4,-3993.7,-4048.9,-4083.9,-4095.9,-4083.9,-4048.9,-3993.7,-3922.4,-3840.1,-3751.6,-3661.8,-3574.5,-3492.9,-3419.4,-3355.5,-3302.3,-3260.5,-3230.5,-3212.4,-3023.9,-3029.3,-3045.5,-3072.5,-3110,-3157.7,-3214.9,-3280.6,-3353.4,-3431.1,-3511,-3589.4,-3662.3,-3725.2,-3773.9,-3804.8,-3815.4,-3804.8,-3773.9,-3725.2,-3662.3,-3589.4,-3511,-3431.1,-3353.4,-3280.6,-3214.9,-3157.7,-3110,-3072.5,-3045.5,-3029.3,-2843.1,-2847.9,-2862.4,-2886.5,-2920,-2962.4,-3013.3,-3071.7,-3136.1,-3204.9,-3275.3,-3344.4,-3408.4,-3463.7,-3506.4,-3533.4,-3542.6,-3533.4,-3506.4,-3463.7,-3408.4,-3344.4,-3275.3,-3204.9,-3136.1,-3071.7,-3013.3,-2962.4,-2920,-2886.5,-2862.4,-2847.9,-2666.1,-2670.4,-2683.3,-2704.7,-2734.3,-2771.9,-2816.8,-2868.3,-2925.1,-2985.5,-3047.3,-3107.8,-3163.7,-3211.9,-3249,-3272.5,-3280.6,-3272.5,-3249,-3211.9,-3163.7,-3107.8,-3047.3,-2985.5,-2925.1,-2868.3,-2816.8,-2771.9,-2734.3,-2704.7,-2683.3,-2670.4,-2494.6,-2498.4,-2509.7,-2528.6,-2554.7,-2587.8,-2627.3,-2672.5,-2722.3,-2775.1,-2829,-2881.6,-2930.2,-2971.9,-3004.1,-3024.5,-3031.4,-3024.5,-3004.1,-2971.9,-2930.2,-2881.6,-2829,-2775.1,-2722.3,-2672.5,-2627.3,-2587.8,-2554.7,-2528.6,-2509.7,-2498.4,-2329.7,-2333.1,-2343.1,-2359.6,-2382.5,-2411.5,-2446.1,-2485.6,-2528.9,-2574.9,-2621.6,-2667.2,-2709.2,-2745.2,-2773,-2790.5,-2796.5,-2790.5,-2773,-2745.2,-2709.2,-2667.2,-2621.6,-2574.9,-2528.9,-2485.6,-2446.1,-2411.5,-2382.5,-2359.6,-2343.1,-2333.1,-2172.5,-2175.4,-2184.2,-2198.7,-2218.7,-2243.9,-2274.1,-2308.4,-2346,-2385.8,-2426.2,-2465.4,-2501.6,-2532.6,-2556.4,-2571.4,-2576.5,-2571.4,-2556.4,-2532.6,-2501.6,-2465.4,-2426.2,-2385.8,-2346,-2308.4,-2274.1,-2243.9,-2218.7,-2198.7,-2184.2,-2175.4,-2023.5,-2026.1,-2033.7,-2046.3,-2063.7,-2085.6,-2111.7,-2141.4,-2174,-2208.2,-2243,-2276.8,-2307.8,-2334.3,-2354.6,-2367.4,-2371.8,-2367.4,-2354.6,-2334.3,-2307.8,-2276.8,-2243,-2208.2,-2174,-2141.4,-2111.7,-2085.6,-2063.7,-2046.3,-2033.7,-2026.1,-1883,-1885.2,-1891.8,-1902.7,-1917.8,-1936.8,-1959.4,-1985,-2013,-2042.5,-2072.3,-2101.2,-2127.7,-2150.3,-2167.6,-2178.5,-2182.2,-2178.5,-2167.6,-2150.3,-2127.7,-2101.2,-2072.3,-2042.5,-2013,-1985,-1959.4,-1936.8,-1917.8,-1902.7,-1891.8,-1885.2,-1751.2,-1753.1,-1758.8,-1768.2,-1781.2,-1797.6,-1817,-1839.1,-1863.1,-1888.3,-1913.8,-1938.5,-1961,-1980.2,-1995,-2004.2,-2007.4,-2004.2,-1995,-1980.2,-1961,-1938.5,-1913.8,-1888.3,-1863.1,-1839.1,-1817,-1797.6,-1781.2,-1768.2,-1758.8,-1753.1,-1627.9,-1629.5,-1634.4,-1642.6,-1653.8,-1667.8,-1684.5,-1703.4,-1723.9,-1745.5,-1767.2,-1788.2,-1807.3,-1823.6,-1836.1,-1843.9,-1846.6,-1843.9,-1836.1,-1823.6,-1807.3,-1788.2,-1767.2,-1745.5,-1723.9,-1703.4,-1684.5,-1667.8,-1653.8,-1642.6,-1634.4,-1629.5,-1513,-1514.4,-1518.6,-1525.6,-1535.2,-1547.2,-1561.5,-1577.6,-1595.2,-1613.5,-1632,-1649.8,-1666,-1679.8,-1690.3,-1696.9,-1699.2,-1696.9,-1690.3,-1679.8,-1666,-1649.8,-1632,-1613.5,-1595.2,-1577.6,-1561.5,-1547.2,-1535.2,-1525.6,-1518.6,-1514.4,-1406.2,-1407.4,-1411,-1417,-1425.2,-1435.5,-1447.6,-1461.4,-1476.3,-1491.8,-1507.5,-1522.5,-1536.2,-1547.9,-1556.8,-1562.3,-1564.2,-1562.3,-1556.8,-1547.9,-1536.2,-1522.5,-1507.5,-1491.8,-1476.3,-1461.4,-1447.6,-1435.5,-1425.2,-1417,-1411,-1407.4,-1307.1,-1308.1,-1311.2,-1316.3,-1323.3,-1332,-1342.4,-1354,-1366.7,-1379.9,-1393.1,-1405.8,-1417.3,-1427.1,-1434.6,-1439.3,-1440.9,-1439.3,-1434.6,-1427.1,-1417.3,-1405.8,-1393.1,-1379.9,-1366.7,-1354,-1342.4,-1332,-1323.3,-1316.3,-1311.2,-1308.1,-1215.3,-1216.2,-1218.8,-1223.2,-1229.1,-1236.5,-1245.3,-1255.2,-1265.8,-1277,-1288.1,-1298.8,-1308.5,-1316.7,-1323,-1326.9,-1328.2,-1326.9,-1323,-1316.7,-1308.5,-1298.8,-1288.1,-1277,-1265.8,-1255.2,-1245.3,-1236.5,-1229.1,-1223.2,-1218.8,-1216.2,-1130.5,-1131.2,-1133.5,-1137.1,-1142.1,-1148.4,-1155.8,-1164.1,-1173.1,-1182.5,-1191.8,-1200.8,-1208.9,-1215.8,-1221.1,-1224.3,-1225.4,-1224.3,-1221.1,-1215.8,-1208.9,-1200.8,-1191.8,-1182.5,-1173.1,-1164.1,-1155.8,-1148.4,-1142.1,-1137.1,-1133.5,-1131.2,-1052.1,-1052.7,-1054.6,-1057.7,-1061.9,-1067.2,-1073.4,-1080.4,-1087.9,-1095.8,-1103.6,-1111.1,-1117.9,-1123.7,-1128,-1130.8,-1131.7,-1130.8,-1128,-1123.7,-1117.9,-1111.1,-1103.6,-1095.8,-1087.9,-1080.4,-1073.4,-1067.2,-1061.9,-1057.7,-1054.6,-1052.7,-979.7,-980.23,-981.79,-984.38,-987.92,-992.36,-997.57,-1003.4,-1009.7,-1016.3,-1022.8,-1029.1,-1034.7,-1039.5,-1043.1,-1045.4,-1046.1,-1045.4,-1043.1,-1039.5,-1034.7,-1029.1,-1022.8,-1016.3,-1009.7,-1003.4,-997.57,-992.36,-987.92,-984.38,-981.79,-980.23,-912.89,-913.33,-914.64,-916.8,-919.75,-923.45,-927.79,-932.66,-937.91,-943.35,-948.78,-953.96,-958.64,-962.59,-965.59,-967.46,-968.1,-967.46,-965.59,-962.59,-958.64,-953.96,-948.78,-943.35,-937.91,-932.66,-927.79,-923.45,-919.75,-916.8,-914.64,-913.33,-851.25,-851.61,-852.7,-854.49,-856.94,-860,-863.6,-867.63,-871.97,-876.47,-880.95,-885.22,-889.08,-892.33,-894.8,-896.34,-896.87,-896.34,-894.8,-892.33,-889.08,-885.22,-880.95,-876.47,-871.97,-867.63,-863.6,-860,-856.94,-854.49,-852.7,-851.61,-794.38,-794.68,-795.57,-797.04,-799.06,-801.58,-804.54,-807.85,-811.41,-815.1,-818.78,-822.28,-825.44,-828.11,-830.12,-831.39,-831.81,-831.39,-830.12,-828.11,-825.44,-822.28,-818.78,-815.1,-811.41,-807.85,-804.54,-801.58,-799.06,-797.04,-795.57,-794.68,-741.9,-742.15,-742.88,-744.08,-745.72,-747.77,-750.18,-752.88,-755.78,-758.79,-761.78,-764.62,-767.19,-769.36,-771,-772.02,-772.37,-772.02,-771,-769.36,-767.19,-764.62,-761.78,-758.79,-755.78,-752.88,-750.18,-747.77,-745.72,-744.08,-742.88,-742.15
-737.82,-738.11,-738.98,-740.42,-742.4,-744.89,-747.82,-751.13,-754.73,-758.48,-762.24,-765.86,-769.15,-771.94,-774.06,-775.39,-775.84,-775.39,-774.06,-771.94,-769.15,-765.86,-762.24,-758.48,-754.73,-751.13,-747.82,-744.89,-742.4,-740.42,-738.98,-738.11,-789.46,-789.82,-790.89,-792.65,-795.08,-798.12,-801.72,-805.79,-810.2,-814.81,-819.44,-823.89,-827.94,-831.37,-833.99,-835.63,-836.19,-835.63,-833.99,-831.37,-827.94,-823.89,-819.44,-814.81,-810.2,-805.79,-801.72,-798.12,-795.08,-792.65,-790.89,-789.82,-845.36,-845.8,-847.09,-849.23,-852.18,-855.88,-860.26,-865.21,-870.58,-876.2,-881.84,-887.27,-892.22,-896.42,-899.62,-901.62,-902.31,-901.62,-899.62,-896.42,-892.22,-887.27,-881.84,-876.2,-870.58,-865.21,-860.26,-855.88,-852.18,-849.23,-847.09,-845.8,-905.88,-906.4,-907.96,-910.54,-914.09,-918.56,-923.84,-929.82,-936.31,-943.11,-949.95,-956.54,-962.54,-967.64,-971.53,-973.98,-974.81,-973.98,-971.53,-967.64,-962.54,-956.54,-949.95,-943.11,-936.31,-929.82,-923.84,-918.56,-914.09,-910.54,-907.96,-906.4,-971.38,-972.01,-973.87,-976.96,-981.22,-986.57,-992.9,-1000.1,-1007.9,-1016.1,-1024.3,-1032.3,-1039.5,-1045.7,-1050.4,-1053.3,-1054.4,-1053.3,-1050.4,-1045.7,-1039.5,-1032.3,-1024.3,-1016.1,-1007.9,-1000.1,-992.9,-986.57,-981.22,-976.96,-973.87,-972.01,-1042.3,-1043,-1045.2,-1048.9,-1054,-1060.4,-1067.9,-1076.5,-1085.8,-1095.6,-1105.5,-1115.1,-1123.8,-1131.2,-1136.9,-1140.5,-1141.7,-1140.5,-1136.9,-1131.2,-1123.8,-1115.1,-1105.5,-1095.6,-1085.8,-1076.5,-1067.9,-1060.4,-1054,-1048.9,-1045.2,-1043,-1118.9,-1119.8,-1122.4,-1126.8,-1132.8,-1140.4,-1149.4,-1159.5,-1170.7,-1182.4,-1194.2,-1205.6,-1216.1,-1225,-1231.8,-1236.1,-1237.5,-1236.1,-1231.8,-1225,-1216.1,-1205.6,-1194.2,-1182.4,-1170.7,-1159.5,-1149.4,-1140.4,-1132.8,-1126.8,-1122.4,-1119.8,-1201.8,-1202.8,-1205.9,-1211,-1218.1,-1227.1,-1237.7,-1249.8,-1263,-1276.9,-1291,-1304.6,-1317.1,-1327.7,-1335.9,-1341,-1342.8,-1341,-1335.9,-1327.7,-1317.1,-1304.6,-1291,-1276.9,-1263,-1249.8,-1237.7,-1227.1,-1218.1,-1211,-1205.9,-1202.8,-1291.2,-1292.4,-1296.1,-1302.1,-1310.5,-1321,-1333.5,-1347.8,-1363.4,-1379.9,-1396.6,-1412.8,-1427.6,-1440.4,-1450.1,-1456.3,-1458.4,-1456.3,-1450.1,-1440.4,-1427.6,-1412.8,-1396.6,-1379.9,-1363.4,-1347.8,-1333.5,-1321,-1310.5,-1302.1,-1296.1,-1292.4,-1387.6,-1389,-1393.3,-1400.4,-1410.2,-1422.5,-1437.3,-1454,-1472.4,-1491.9,-1511.7,-1530.9,-1548.6,-1563.7,-1575.3,-1582.7,-1585.2,-1582.7,-1575.3,-1563.7,-1548.6,-1530.9,-1511.7,-1491.9,-1472.4,-1454,-1437.3,-1422.5,-1410.2,-1400.4,-1393.3,-1389,-1491.4,-1493,-1498,-1506.3,-1517.7,-1532.2,-1549.4,-1569.1,-1590.7,-1613.6,-1637,-1659.7,-1680.7,-1698.6,-1712.5,-1721.2,-1724.2,-1721.2,-1712.5,-1698.6,-1680.7,-1659.7,-1637,-1613.6,-1590.7,-1569.1,-1549.4,-1532.2,-1517.7,-1506.3,-1498,-1493,-1602.8,-1604.7,-1610.5,-1620.1,-1633.4,-1650.3,-1670.4,-1693.5,-1718.8,-1745.7,-1773.2,-1800,-1824.7,-1846,-1862.4,-1872.8,-1876.3,-1872.8,-1862.4,-1846,-1824.7,-1800,-1773.2,-1745.7,-1718.8,-1693.5,-1670.4,-1650.3,-1633.4,-1620.1,-1610.5,-1604.7,-1722.1,-1724.4,-1731.1,-1742.2,-1757.7,-1777.2,-1800.7,-1827.5,-1857.1,-1888.6,-1920.9,-1952.4,-1981.6,-2006.7,-2026.2,-2038.4,-2042.6,-2038.4,-2026.2,-2006.7,-1981.6,-1952.4,-1920.9,-1888.6,-1857.1,-1827.5,-1800.7,-1777.2,-1757.7,-1742.2,-1731.1,-1724.4,-1849.5,-1852.1,-1859.9,-1872.7,-1890.6,-1913.3,-1940.4,-1971.6,-2006.1,-2042.9,-2080.6,-2117.6,-2151.9,-2181.5,-2204.4,-2218.9,-2223.9,-2218.9,-2204.4,-2181.5,-2151.9,-2117.6,-2080.6,-2042.9,-2006.1,-1971.6,-1940.4,-1913.3,-1890.6,-1872.7,-1859.9,-1852.1,-1985,-1988,-1996.9,-2011.7,-2032.3,-2058.4,-2089.8,-2126,-2166,-2208.8,-2252.8,-2296,-2336.3,-2371,-2398,-2415.1,-2420.9,-2415.1,-2398,-2371,-2336.3,-2296,-2252.8,-2208.8,-2166,-2126,-2089.8,-2058.4,-2032.3,-2011.7,-1996.9,-1988,-2128.4,-2131.8,-2142,-2159,-2182.6,-2212.7,-2248.8,-2290.5,-2336.8,-2386.4,-2437.5,-2487.9,-2534.9,-2575.7,-2607.3,-2627.3,-2634.2,-2627.3,-2607.3,-2575.7,-2534.9,-2487.9,-2437.5,-2386.4,-2336.8,-2290.5,-2248.8,-2212.7,-2182.6,-2159,-2142,-2131.8,-2279.4,-2283.3,-2294.9,-2314.3,-2341.3,-2375.7,-2417.2,-2465.1,-2518.4,-2575.6,-2634.8,-2693.3,-2748,-2795.5,-2832.4,-2855.9,-2863.9,-2855.9,-2832.4,-2795.5,-2748,-2693.3,-2634.8,-2575.6,-2518.4,-2465.1,-2417.2,-2375.7,-2341.3,-2314.3,-2294.9,-2283.3,-2437.4,-2441.8,-2455,-2477,-2507.7,-2546.9,-2594.2,-2649,-2710.2,-2776,-2844.2,-2911.8,-2975.2,-3030.3,-3073.3,-3100.6,-3110,-3100.6,-3073.3,-3030.3,-2975.2,-2911.8,-2844.2,-2776,-2710.2,-2649,-2594.2,-2546.9,-2507.7,-2477,-2455,-2441.8,-2601.4,-2606.4,-2621.3,-2646.2,-2681,-2725.4,-2779.2,-2841.5,-2911.3,-2986.6,-3064.8,-3142.6,-3215.6,-3279.4,-3329.1,-3360.7,-3371.6,-3360.7,-3329.1,-3279.4,-3215.6,-3142.6,-3064.8,-2986.6,-2911.3,-2841.5,-2779.2,-2725.4,-2681,-2646.2,-2621.3,-2606.4,-2770.3,-2775.9,-2792.7,-2820.7,-2859.8,-2909.9,-2970.6,-3041.2,-3120.3,-3206,-3295.3,-3384.2,-3468,-3541.2,-3598.4,-3634.9,-3647.5,-3634.9,-3598.4,-3541.2,-3468,-3384.2,-3295.3,-3206,-3120.3,-3041.2,-2970.6,-2909.9,-2859.8,-2820.7,-2792.7,-2775.9,-2942.5,-2948.7,-2967.5,-2998.8,-3042.6,-3098.7,-3166.9,-3246.3,-3335.5,-3432.4,-3533.6,-3634.6,-3730.1,-3813.7,-3879.2,-3921,-3935.4,-3921,-3879.2,-3813.7,-3730.1,-3634.6,-3533.6,-3432.4,-3335.5,-3246.3,-3166.9,-3098.7,-3042.6,-2998.8,-2967.5,-2948.7,-3116,-3122.9,-3143.7,-3178.4,-3227.1,-3289.7,-3365.7,-3454.4,-3554.4,-3663.2,-3777.1,-3891.2,-3999.2,-4094,-4168.4,-4216,-4232.4,-4216,-4168.4,-4094,-3999.2,-3891.2,-3777.1,-3663.2,-3554.4,-3454.4,-3365.7,-3289.7,-3227.1,-3178.4,-3143.7,-3122.9,-3288.3,-3296,-3318.9,-3357.2,-3411,-3480.1,-3564.3,-3662.8,-3773.9,-3895.2,-4022.5,-4150.3,-4271.6,-4378.2,-4462.1,-4515.7,-4534.2,-4515.7,-4462.1,-4378.2,-4271.6,-4150.3,-4022.5,-3895.2,-3773.9,-3662.8,-3564.3,-3480.1,-3411,-3357.2,-3318.9,-3296,-3457,-3465.3,-3490.4,-3532.3,-3591.2,-3667.1,-3759.6,-3867.9,-3990.5,-4124.6,-4265.6,-4407.6,-4542.6,-4661.6,-4755.2,-4815.2,-4835.9,-4815.2,-4755.2,-4661.6,-4542.6,-4407.6,-4265.6,-4124.6,-3990.5,-3867.9,-3759.6,-3667.1,-3591.2,-3532.3,-3490.4,-3465.3,-3618.7,-3627.8,-3655,-3700.5,-3764.5,-3847,-3947.8,-4066.1,-4200.1,-4347,-4501.9,-4658.1,-4807,-4938.5,-5042,-5108.5,-5131.4,-5108.5,-5042,-4938.5,-4807,-4658.1,-4501.9,-4347,-4200.1,-4066.1,-3947.8,-3847,-3764.5,-3700.5,-3655,-3627.8,-3770.5,-3780.2,-3809.5,-3858.5,-3927.4,-4016.3,-4125.1,-4253,-4398.2,-4557.6,-4726,-4896.2,-5058.8,-5202.5,-5315.9,-5388.7,-5413.8,-5388.7,-5315.9,-5202.5,-5058.8,-4896.2,-4726,-4557.6,-4398.2,-4253,-4125.1,-4016.3,-3927.4,-3858.5,-3809.5,-3780.2,-3908.7,-3919.1,-3950.3,-4002.5,-4076,-4171,-4287.3,-4424.2,-4580,-4751.2,-4932.4,-5115.9,-5291.4,-5446.8,-5569.6,-5648.5,-5675.7,-5648.5,-5569.6,-5446.8,-5291.4,-5115.9,-4932.4,-4751.2,-4580,-4424.2,-4287.3,-4171,-4076,-4002.5,-3950.3,-3919.1,-4030.2,-4041.2,-4074.1,-4129.2,-4206.9,-4307.3,-4430.4,-4575.4,-4740.7,-4922.6,-5115.5,-5311,-5498.3,-5664.4,-5795.7,-5880.1,-5909.2,-5880.1,-5795.7,-5664.4,-5498.3,-5311,-5115.5,-4922.6,-4740.7,-4575.4,-4430.4,-4307.3,-4206.9,-4129.2,-4074.1,-4041.2,-4131.8,-4143.3,-4177.6,-4235.2,-4316.4,-4421.5,-4550.3,-4702.4,-4875.7,-5066.8,-5269.7,-5475.7,-5673.1,-5848.4,-5987,-6076.2,-6107,-6076.2,-5987,-5848.4,-5673.1,-5475.7,-5269.7,-5066.8,-4875.7,-4702.4,-4550.3,-4421.5,-4316.4,-4235.2,-4177.6,-4143.3,-4210.7,-4222.5,-4258.1,-4317.6,-4401.6,-4510.3,-4643.7,-4801.3,-4981,-5179.4,-5390.2,-5604.4,-5809.9,-5992.5,-6137,-6230,-6262.2,-6230,-6137,-5992.5,-5809.9,-5604.4,-5390.2,-5179.4,-4981,-4801.3,-4643.7,-4510.3,-4401.6,-4317.6,-4258.1,-4222.5,-4264.6,-4276.7,-4313.1,-4374,-4459.8,-4571,-4707.6,-4869,-5053.2,-5256.6,-5473,-5692.9,-5904,-6091.7,-6240.3,-6336,-6369,-6336,-6240.3,-6091.7,-5904,-5692.9,-5473,-5256.6,-5053.2,-4869,-4707.6,-4571,-4459.8,-4374,-4313.1,-4276.7,-4292,-4304.2,-4341,-4402.6,-4489.4,-4601.9,-4740.1,-4903.4,-5090,-5296,-5515.1,-5737.9,-5952,-6142.2,-6292.9,-6390,-6423.5,-6390,-6292.9,-6142.2,-5952,-5737.9,-5515.1,-5296,-5090,-4903.4,-4740.1,-4601.9,-4489.4,-4402.6,-4341,-4304.2,-4292,-4304.2,-4341,-4402.6,-4489.4,-4601.9,-4740.1,-4903.4,-5090,-5296,-5515.1,-5737.9,-5952,-6142.2,-6292.9,-6390,-6423.5,-6390,-6292.9,-6142.2,-5952,-5737.9,-5515.1,-5296,-5090,-4903.4,-4740.1,-4601.9,-4489.4,-4402.6,-4341,-4304.2,-4264.6,-4276.7,-4313.1,-4374,-4459.8,-4571,-4707.6,-4869,-5053.2,-5256.6,-5473,-5692.9,-5904,-6091.7,-6240.3,-6336,-6369,-6336,-6240.3,-6091.7,-5904,-5692.9,-5473,-5256.6,-5053.2,-4869,-4707.6,-4571,-4459.8,-4374,-4313.1,-4276.7,-4210.7,-4222.5,-4258.1,-4317.6,-4401.6,-4510.3,-4643.7,-4801.3,-4981,-5179.4,-5390.2,-5604.4,-5809.9,-5992.5,-6137,-6230,-6262.2,-6230,-6137,-5992.5,-5809.9,-5604.4,-5390.2,-5179.4,-4981,-4801.3,-4643.7,-4510.3,-4401.6,-4317.6,-4258.1,-4222.5,-4131.8,-4143.3,-4177.6,-4235.2,-4316.4,-4421.5,-4550.3,-4702.4,-4875.7,-5066.8,-5269.7,-5475.7,-5673.1,-5848.4,-5987,-6076.2,-6107,-6076.2,-5987,-5848.4,-5673.1,-5475.7,-5269.7,-5066.8,-4875.7,-4702.4,-4550.3,-4421.5,-4316.4,-4235.2,-4177.6,-4143.3,-4030.2,-4041.2,-4074.1,-4129.2,-4206.9,-4307.3,-4430.4,-4575.4,-4740.7,-4922.6,-5115.5,-5311,-5498.3,-5664.4,-5795.7,-5880.1,-5909.2,-5880.1,-5795.7,-5664.4,-5498.3,-5311,-5115.5,-4922.6,-4740.7,-4575.4,-4430.4,-4307.3,-4206.9,-4129.2,-4074.1,-4041.2,-3908.7,-3919.1,-3950.3,-4002.5,-4076,-4171,-4287.3,-4424.2,-4580,-4751.2,-4932.4,-5115.9,-5291.4,-5446.8,-5569.6,-5648.5,-5675.7,-5648.5,-5569.6,-5446.8,-5291.4,-5115.9,-4932.4,-4751.2,-4580,-4424.2,-4287.3,-4171,-4076,-4002.5,-3950.3,-3919.1,-3770.5,-3780.2,-3809.5,-3858.5,-3927.4,-4016.3,-4125.1,-4253,-4398.2,-4557.6,-4726,-4896.2,-5058.8,-5202.5,-5315.9,-5388.7,-5413.8,-5388.7,-5315.9,-5202.5,-5058.8,-4896.2,-4726,-4557.6,-4398.2,-4253,-4125.1,-4016.3,-3927.4,-3858.5,-3809.5,-3780.2,-3618.7,-3627.8,-3655,-3700.5,-3764.5,-3847,-3947.8,-4066.1,-4200.1,-4347,-4501.9,-4658.1,-4807,-4938.5,-5042,-5108.5,-5131.4,-5108.5,-5042,-4938.5,-4807,-4658.1,-4501.9,-4347,-4200.1,-4066.1,-3947.8,-3847,-3764.5,-3700.5,-3655,-3627.8,-3457,-3465.3,-3490.4,-3532.3,-3591.2,-3667.1,-3759.6,-3867.9,-3990.5,-4124.6,-4265.6,-4407.6,-4542.6,-4661.6,-4755.2,-4815.2,-4835.9,-4815.2,-4755.2,-4661.6,-4542.6,-4407.6,-4265.6,-4124.6,-3990.5,-3867.9,-3759.6,-3667.1,-3591.2,-3532.3,-3490.4,-3465.3,-3288.3,-3296,-3318.9,-3357.2,-3411,-3480.1,-3564.3,-3662.8,-3773.9,-3895.2,-4022.5,-4150.3,-4271.6,-4378.2,-4462.1,-4515.7,-4534.2,-4515.7,-4462.1,-4378.2,-4271.6,-4150.3,-4022.5,-3895.2,-3773.9,-3662.8,-3564.3,-3480.1,-3411,-3357.2,-3318.9,-3296,-3116,-3122.9,-3143.7,-3178.4,-3227.1,-3289.7,-3365.7,-3454.4,-3554.4,-3663.2,-3777.1,-3891.2,-3999.2,-4094,-4168.4,-4216,-4232.4,-4216,-4168.4,-4094,-3999.2,-3891.2,-3777.1,-3663.2,-3554.4,-3454.4,-3365.7,-3289.7,-3227.1,-3178.4,-3143.7,-3122.9,-2942.5,-2948.7,-2967.5,-2998.8,-3042.6,-3098.7,-3166.9,-3246.3,-3335.5,-3432.4,-3533.6,-3634.6,-3730.1,-3813.7,-3879.2,-3921,-3935.4,-3921,-3879.2,-3813.7,-3730.1,-3634.6,-3533.6,-3432.4,-3335.5,-3246.3,-3166.9,-3098.7,-3042.6,-2998.8,-2967.5,-2948.7,-2770.3,-2775.9,-2792.7,-2820.7,-2859.8,-2909.9,-2970.6,-3041.2,-3120.3,-3206,-3295.3,-3384.2,-3468,-3541.2,-3598.4,-3634.9,-3647.5,-3634.9,-3598.4,-3541.2,-3468,-3384.2,-3295.3,-3206,-3120.3,-3041.2,-2970.6,-2909.9,-2859.8,-2820.7,-2792.7,-2775.9,-2601.4,-2606.4,-2621.3,-2646.2,-2681,-2725.4,-2779.2,-2841.5,-2911.3,-2986.6,-3064.8,-3142.6,-3215.6,-3279.4,-3329.1,-3360.7,-3371.6,-3360.7,-3329.1,-3279.4,-3215.6,-3142.6,-3064.8,-2986.6,-2911.3,-2841.5,-2779.2,-2725.4,-2681,-2646.2,-2621.3,-2606.4,-2437.4,-2441.8,-2455,-2477,-2507.7,-2546.9,-2594.2,-2649,-2710.2,-2776,-2844.2,-2911.8,-2975.2,-3030.3,-3073.3,-3100.6,-3110,-3100.6,-3073.3,-3030.3,-2975.2,-2911.8,-2844.2,-2776,-2710.2,-2649,-2594.2,-2546.9,-2507.7,-2477,-2455,-2441.8,-2279.4,-2283.3,-2294.9,-2314.3,-2341.3,-2375.7,-2417.2,-2465.1,-2518.4,-2575.6,-2634.8,-2693.3,-2748,-2795.5,-2832.4,-2855.9,-2863.9,-2855.9,-2832.4,-2795.5,-2748,-2693.3,-2634.8,-2575.6,-2518.4,-2465.1,-2417.2,-2375.7,-2341.3,-2314.3,-2294.9,-2283.3,-2128.4,-2131.8,-2142,-2159,-2182.6,-2212.7,-2248.8,-2290.5,-2336.8,-2386.4,-2437.5,-2487.9,-2534.9,-2575.7,-2607.3,-2627.3,-2634.2,-2627.3,-2607.3,-2575.7,-2534.9,-2487.9,-2437.5,-2386.4,-2336.8,-2290.5,-2248.8,-2212.7,-2182.6,-2159,-2142,-2131.8,-1985,-1988,-1996.9,-2011.7,-2032.3,-2058.4,-2089.8,-2126,-2166,-2208.8,-2252.8,-2296,-2336.3,-2371,-2398,-2415.1,-2420.9,-2415.1,-2398,-2371,-2336.3,-2296,-2252.8,-2208.8,-2166,-2126,-2089.8,-2058.4,-2032.3,-2011.7,-1996.9,-1988,-1849.5,-1852.1,-1859.9,-1872.7,-1890.6,-1913.3,-1940.4,-1971.6,-2006.1,-2042.9,-2080.6,-2117.6,-2151.9,-2181.5,-2204.4,-2218.9,-2223.9,-2218.9,-2204.4,-2181.5,-2151.9,-2117.6,-2080.6,-2042.9,-2006.1,-1971.6,-1940.4,-1913.3,-1890.6,-1872.7,-1859.9,-1852.1,-1722.1,-1724.4,-1731.1,-1742.2,-1757.7,-1777.2,-1800.7,-1827.5,-1857.1,-1888.6,-1920.9,-1952.4,-1981.6,-2006.7,-2026.2,-2038.4,-2042.6,-2038.4,-2026.2,-2006.7,-1981.6,-1952.4,-1920.9,-1888.6,-1857.1,-1827.5,-1800.7,-1777.2,-1757.7,-1742.2,-1731.1,-1724.4,-1602.8,-1604.7,-1610.5,-1620.1,-1633.4,-1650.3,-1670.4,-1693.5,-1718.8,-1745.7,-1773.2,-1800,-1824.7,-1846,-1862.4,-1872.8,-1876.3,-1872.8,-1862.4,-1846,-1824.7,-1800,-1773.2,-1745.7,-1718.8,-1693.5,-1670.4,-1650.3,-1633.4,-1620.1,-1610.5,-1604.7,-1491.4,-1493,-1498,-1506.3,-1517.7,-1532.2,-1549.4,-1569.1,-1590.7,-1613.6,-1637,-1659.7,-1680.7,-1698.6,-1712.5,-1721.2,-1724.2,-1721.2,-1712.5,-1698.6,-1680.7,-1659.7,-1637,-1613.6,-1590.7,-1569.1,-1549.4,-1532.2,-1517.7,-1506.3,-1498,-1493,-1387.6,-1389,-1393.3,-1400.4,-1410.2,-1422.5,-1437.3,-1454,-1472.4,-1491.9,-1511.7,-1530.9,-1548.6,-1563.7,-1575.3,-1582.7,-1585.2,-1582.7,-1575.3,-1563.7,-1548.6,-1530.9,-1511.7,-1491.9,-1472.4,-1454,-1437.3,-1422.5,-1410.2,-1400.4,-1393.3,-1389,-1291.2,-1292.4,-1296.1,-1302.1,-1310.5,-1321,-1333.5,-1347.8,-1363.4,-1379.9,-1396.6,-1412.8,-1427.6,-1440.4,-1450.1,-1456.3,-1458.4,-1456.3,-1450.1,-1440.4,-1427.6,-1412.8,-1396.6,-1379.9,-1363.4,-1347.8,-1333.5,-1321,-1310.5,-1302.1,-1296.1,-1292.4,-1201.8,-1202.8,-1205.9,-1211,-1218.1,-1227.1,-1237.7,-1249.8,-1263,-1276.9,-1291,-1304.6,-1317.1,-1327.7,-1335.9,-1341,-1342.8,-1341,-1335.9,-1327.7,-1317.1,-1304.6,-1291,-1276.9,-1263,-1249.8,-1237.7,-1227.1,-1218.1,-1211,-1205.9,-1202.8,-1118.9,-1119.8,-1122.4,-1126.8,-1132.8,-1140.4,-1149.4,-1159.5,-1170.7,-1182.4,-1194.2,-1205.6,-1216.1,-1225,-1231.8,-1236.1,-1237.5,-1236.1,-1231.8,-1225,-1216.1,-1205.6,-1194.2,-1182.4,-1170.7,-1159.5,-1149.4,-1140.4,-1132.8,-1126.8,-1122.4,-1119.8,-1042.3,-1043,-1045.2,-1048.9,-1054,-1060.4,-1067.9,-1076.5,-1085.8,-1095.6,-1105.5,-1115.1,-1123.8,-1131.2,-1136.9,-1140.5,-1141.7,-1140.5,-1136.9,-1131.2,-1123.8,-1115.1,-1105.5,-1095.6,-1085.8,-1076.5,-1067.9,-1060.4,-1054,-1048.9,-1045.2,-1043,-971.38,-972.01,-973.87,-976.96,-981.22,-986.57,-992.9,-1000.1,-1007.9,-1016.1,-1024.3,-1032.3,-1039.5,-1045.7,-1050.4,-1053.3,-1054.4,-1053.3,-1050.4,-1045.7,-1039.5,-1032.3,-1024.3,-1016.1,-1007.9,-1000.1,-992.9,-986.57,-981.22,-976.96,-973.87,-972.01,-905.88,-906.4,-907.96,-910.54,-914.09,-918.56,-923.84,-929.82,-936.31,-943.11,-949.95,-956.54,-962.54,-967.64,-971.53,-973.98,-974.81,-973.98,-971.53,-967.64,-962.54,-956.54,-949.95,-943.11,-936.31,-929.82,-923.84,-918.56,-914.09,-910.54,-907.96,-906.4,-845.36,-845.8,-847.09,-849.23,-852.18,-855.88,-860.26,-865.21,-870.58,-876.2,-881.84,-887.27,-892.22,-896.42,-899.62,-901.62,-902.31,-901.62,-899.62,-896.42,-892.22,-887.27,-881.84,-876.2,-870.58,-865.21,-860.26,-855.88,-852.18,-849.23,-847.09,-845.8,-789.46,-789.82,-790.89,-792.65,-795.08,-798.12,-801.72,-805.79,-810.2,-814.81,-819.44,-823.89,-827.94,-831.37,-833.99,-835.63,-836.19,-835.63,-833.99,-831.37,-827.94,-823.89,-819.44,-814.81,-810.2,-805.79,-801.72,-798.12,-795.08,-792.65,-790.89,-789.82,-737.82,-738.11,-738.98,-740.42,-742.4,-744.89,-747.82,-751.13,-754.73,-758.48,-762.24,-765.86,-769.15,-771.94,-774.06,-775.39,-775.84,-775.39,-774.06,-771.94,-769.15,-765.86,-762.24,-758.48,-754.73,-751.13,-747.82,-744.89,-742.4,-740.42,-738.98,-738.11
-733.7,-734.03,-735.03,-736.68,-738.96,-741.84,-745.27,-749.17,-753.44,-757.93,-762.48,-766.88,-770.92,-774.37,-777,-778.66,-779.23,-778.66,-777,-774.37,-770.92,-766.88,-762.48,-757.93,-753.44,-749.17,-745.27,-741.84,-738.96,-736.68,-735.03,-734.03,-784.51,-784.92,-786.14,-788.16,-790.96,-794.5,-798.7,-803.49,-808.73,-814.25,-819.84,-825.26,-830.23,-834.48,-837.73,-839.78,-840.48,-839.78,-837.73,-834.48,-830.23,-825.26,-819.84,-814.25,-808.73,-803.49,-798.7,-794.5,-790.96,-788.16,-786.14,-784.92,-839.45,-839.95,-841.43,-843.88,-847.28,-851.58,-856.69,-862.51,-868.88,-875.61,-882.43,-889.05,-895.13,-900.33,-904.31,-906.82,-907.68,-906.82,-904.31,-900.33,-895.13,-889.05,-882.43,-875.61,-868.88,-862.51,-856.69,-851.58,-847.28,-843.88,-841.43,-839.95,-898.85,-899.45,-901.24,-904.19,-908.29,-913.46,-919.63,-926.66,-934.36,-942.5,-950.77,-958.8,-966.19,-972.51,-977.36,-980.41,-981.46,-980.41,-977.36,-972.51,-966.19,-958.8,-950.77,-942.5,-934.36,-926.66,-919.63,-913.46,-908.29,-904.19,-901.24,-899.45,-963.07,-963.79,-965.92,-969.46,-974.36,-980.55,-987.95,-996.38,-1005.6,-1015.4,-1025.4,-1035.1,-1044,-1051.7,-1057.6,-1061.3,-1062.5,-1061.3,-1057.6,-1051.7,-1044,-1035.1,-1025.4,-1015.4,-1005.6,-996.38,-987.95,-980.55,-974.36,-969.46,-965.92,-963.79,-1032.5,-1033.3,-1035.9,-1040.1,-1045.9,-1053.3,-1062.1,-1072.2,-1083.2,-1095,-1106.9,-1118.6,-1129.3,-1138.5,-1145.6,-1150.1,-1151.6,-1150.1,-1145.6,-1138.5,-1129.3,-1118.6,-1106.9,-1095,-1083.2,-1072.2,-1062.1,-1053.3,-1045.9,-1040.1,-1035.9,-1033.3,-1107.4,-1108.4,-1111.4,-1116.4,-1123.3,-1132.1,-1142.5,-1154.5,-1167.7,-1181.7,-1196,-1209.9,-1222.8,-1233.9,-1242.4,-1247.8,-1249.7,-1247.8,-1242.4,-1233.9,-1222.8,-1209.9,-1196,-1181.7,-1167.7,-1154.5,-1142.5,-1132.1,-1123.3,-1116.4,-1111.4,-1108.4,-1188.3,-1189.5,-1193,-1198.9,-1207,-1217.4,-1229.7,-1243.9,-1259.5,-1276.2,-1293.2,-1309.8,-1325.3,-1338.5,-1348.8,-1355.2,-1357.5,-1355.2,-1348.8,-1338.5,-1325.3,-1309.8,-1293.2,-1276.2,-1259.5,-1243.9,-1229.7,-1217.4,-1207,-1198.9,-1193,-1189.5,-1275.5,-1276.9,-1281,-1287.9,-1297.5,-1309.6,-1324.2,-1340.9,-1359.4,-1379.1,-1399.3,-1419.1,-1437.5,-1453.4,-1465.6,-1473.4,-1476,-1473.4,-1465.6,-1453.4,-1437.5,-1419.1,-1399.3,-1379.1,-1359.4,-1340.9,-1324.2,-1309.6,-1297.5,-1287.9,-1281,-1276.9,-1369.3,-1370.9,-1375.8,-1383.8,-1395,-1409.3,-1426.4,-1446,-1467.8,-1491.1,-1515,-1538.5,-1560.4,-1579.3,-1593.9,-1603.2,-1606.4,-1603.2,-1593.9,-1579.3,-1560.4,-1538.5,-1515,-1491.1,-1467.8,-1446,-1426.4,-1409.3,-1395,-1383.8,-1375.8,-1370.9,-1470.1,-1472,-1477.7,-1487,-1500.1,-1516.7,-1536.7,-1559.8,-1585.4,-1612.8,-1641,-1668.8,-1694.8,-1717.3,-1734.7,-1745.7,-1749.5,-1745.7,-1734.7,-1717.3,-1694.8,-1668.8,-1641,-1612.8,-1585.4,-1559.8,-1536.7,-1516.7,-1500.1,-1487,-1477.7,-1472,-1578.2,-1580.4,-1586.9,-1597.8,-1613,-1632.4,-1655.7,-1682.6,-1712.6,-1744.8,-1778,-1810.9,-1841.6,-1868.2,-1888.9,-1902.1,-1906.6,-1902.1,-1888.9,-1868.2,-1841.6,-1810.9,-1778,-1744.8,-1712.6,-1682.6,-1655.7,-1632.4,-1613,-1597.8,-1586.9,-1580.4,-1693.8,-1696.3,-1703.8,-1716.4,-1734,-1756.5,-1783.6,-1814.9,-1849.9,-1887.6,-1926.6,-1965.3,-2001.6,-2033.1,-2057.7,-2073.3,-2078.6,-2073.3,-2057.7,-2033.1,-2001.6,-1965.3,-1926.6,-1887.6,-1849.9,-1814.9,-1783.6,-1756.5,-1734,-1716.4,-1703.8,-1696.3,-1816.9,-1819.8,-1828.5,-1843,-1863.3,-1889.2,-1920.6,-1957,-1997.8,-2041.7,-2087.4,-2132.8,-2175.5,-2212.7,-2241.8,-2260.3,-2266.6,-2260.3,-2241.8,-2212.7,-2175.5,-2132.8,-2087.4,-2041.7,-1997.8,-1957,-1920.6,-1889.2,-1863.3,-1843,-1828.5,-1819.8,-1947.5,-1950.9,-1960.9,-1977.5,-2000.9,-2030.8,-2067,-2109.1,-2156.3,-2207.5,-2260.8,-2313.9,-2364,-2407.8,-2442,-2463.9,-2471.4,-2463.9,-2442,-2407.8,-2364,-2313.9,-2260.8,-2207.5,-2156.3,-2109.1,-2067,-2030.8,-2000.9,-1977.5,-1960.9,-1950.9,-2085.6,-2089.4,-2100.8,-2119.9,-2146.6,-2180.9,-2222.5,-2271.1,-2325.6,-2384.9,-2446.9,-2508.9,-2567.5,-2618.8,-2659.1,-2684.8,-2693.7,-2684.8,-2659.1,-2618.8,-2567.5,-2508.9,-2446.9,-2384.9,-2325.6,-2271.1,-2222.5,-2180.9,-2146.6,-2119.9,-2100.8,-2089.4,-2230.6,-2235,-2248,-2269.7,-2300.2,-2339.4,-2387,-2442.7,-2505.5,-2573.9,-2645.7,-2717.7,-2786,-2846,-2893.1,-2923.3,-2933.7,-2923.3,-2893.1,-2846,-2786,-2717.7,-2645.7,-2573.9,-2505.5,-2442.7,-2387,-2339.4,-2300.2,-2269.7,-2248,-2235,-2382.1,-2387,-2401.7,-2426.4,-2461,-2505.5,-2559.8,-2623.5,-2695.4,-2774,-2856.8,-2940.1,-3019.3,-3089.1,-3144.1,-3179.3,-3191.5,-3179.3,-3144.1,-3089.1,-3019.3,-2940.1,-2856.8,-2774,-2695.4,-2623.5,-2559.8,-2505.5,-2461,-2426.4,-2401.7,-2387,-2539,-2544.6,-2561.2,-2589,-2628.1,-2678.5,-2740.1,-2812.4,-2894.4,-2984.3,-3079.3,-3175.1,-3266.6,-3347.5,-3411.3,-3452.2,-3466.4,-3452.2,-3411.3,-3347.5,-3266.6,-3175.1,-3079.3,-2984.3,-2894.4,-2812.4,-2740.1,-2678.5,-2628.1,-2589,-2561.2,-2544.6,-2700.3,-2706.5,-2725.1,-2756.3,-2800.3,-2857,-2926.5,-3008.2,-3101.2,-3203.4,-3311.7,-3421.5,-3526.5,-3619.6,-3693.3,-3740.6,-3757,-3740.6,-3693.3,-3619.6,-3526.5,-3421.5,-3311.7,-3203.4,-3101.2,-3008.2,-2926.5,-2857,-2800.3,-2756.3,-2725.1,-2706.5,-2864.4,-2871.3,-2892.1,-2926.9,-2975.9,-3039.4,-3117.2,-3209.1,-3313.9,-3429.4,-3552.2,-3677.1,-3796.9,-3903.5,-3987.9,-4042.3,-4061.1,-4042.3,-3987.9,-3903.5,-3796.9,-3677.1,-3552.2,-3429.4,-3313.9,-3209.1,-3117.2,-3039.4,-2975.9,-2926.9,-2892.1,-2871.3,-3029.3,-3037,-3060,-3098.6,-3153,-3223.5,-3310.2,-3412.8,-3530.1,-3659.8,-3798.1,-3939.1,-4074.9,-4196,-4292.1,-4354.2,-4375.6,-4354.2,-4292.1,-4196,-4074.9,-3939.1,-3798.1,-3659.8,-3530.1,-3412.8,-3310.2,-3223.5,-3153,-3098.6,-3060,-3037,-3193,-3201.4,-3226.7,-3269.1,-3329.1,-3406.9,-3502.8,-3616.5,-3746.8,-3891.3,-4045.9,-4204,-4356.7,-4493.1,-4601.7,-4671.9,-4696.2,-4671.9,-4601.7,-4493.1,-4356.7,-4204,-4045.9,-3891.3,-3746.8,-3616.5,-3502.8,-3406.9,-3329.1,-3269.1,-3226.7,-3201.4,-3352.7,-3361.9,-3389.5,-3435.9,-3501.5,-3586.7,-3691.9,-3816.8,-3960.5,-4120.3,-4291.6,-4467.3,-4637.5,-4790,-4911.5,-4990.2,-5017.4,-4990.2,-4911.5,-4790,-4637.5,-4467.3,-4291.6,-4120.3,-3960.5,-3816.8,-3691.9,-3586.7,-3501.5,-3435.9,-3389.5,-3361.9,-3505.7,-3515.7,-3545.6,-3595.8,-3667,-3759.6,-3874,-4010.2,-4167.1,-4342.2,-4530.4,-4723.9,-4911.8,-5080.5,-5215.2,-5302.5,-5332.8,-5302.5,-5215.2,-5080.5,-4911.8,-4723.9,-4530.4,-4342.2,-4167.1,-4010.2,-3874,-3759.6,-3667,-3595.8,-3545.6,-3515.7,-3649,-3659.7,-3691.8,-3745.8,-3822.3,-3921.9,-4045.3,-4192.5,-4362.4,-4552.3,-4757,-4968,-5173.3,-5358,-5505.8,-5601.6,-5634.9,-5601.6,-5505.8,-5358,-5173.3,-4968,-4757,-4552.3,-4362.4,-4192.5,-4045.3,-3921.9,-3822.3,-3745.8,-3691.8,-3659.7,-3779.4,-3790.7,-3824.9,-3882.4,-3963.9,-4070.2,-4202,-4359.4,-4541.4,-4745.4,-4965.7,-5193.3,-5415.2,-5615.2,-5775.4,-5879.4,-5915.5,-5879.4,-5775.4,-5615.2,-5415.2,-5193.3,-4965.7,-4745.4,-4541.4,-4359.4,-4202,-4070.2,-3963.9,-3882.4,-3824.9,-3790.7,-3893.8,-3905.8,-3941.8,-4002.4,-4088.4,-4200.6,-4340,-4506.6,-4699.7,-4916.4,-5150.9,-5393.6,-5630.6,-5844.6,-6016.2,-6127.6,-6166.3,-6127.6,-6016.2,-5844.6,-5630.6,-5393.6,-5150.9,-4916.4,-4699.7,-4506.6,-4340,-4200.6,-4088.4,-4002.4,-3941.8,-3905.8,-3989.4,-4001.9,-4039.4,-4102.7,-4192.5,-4309.8,-4455.6,-4630.2,-4832.7,-5060.3,-5307,-5562.6,-5812.7,-6038.7,-6220.1,-6338,-6379,-6338,-6220.1,-6038.7,-5812.7,-5562.6,-5307,-5060.3,-4832.7,-4630.2,-4455.6,-4309.8,-4192.5,-4102.7,-4039.4,-4001.9,-4063.6,-4076.4,-4115.2,-4180.6,-4273.4,-4394.7,-4545.6,-4726.4,-4936.4,-5172.6,-5428.9,-5694.9,-5955.4,-6190.9,-6380.2,-6503.3,-6546,-6503.3,-6380.2,-6190.9,-5955.4,-5694.9,-5428.9,-5172.6,-4936.4,-4726.4,-4545.6,-4394.7,-4273.4,-4180.6,-4115.2,-4076.4,-4114.2,-4127.4,-4167,-4233.8,-4328.7,-4452.8,-4607.1,-4792.3,-5007.4,-5249.6,-5512.7,-5785.9,-6053.5,-6295.8,-6490.5,-6617.1,-6661.1,-6617.1,-6490.5,-6295.8,-6053.5,-5785.9,-5512.7,-5249.6,-5007.4,-4792.3,-4607.1,-4452.8,-4328.7,-4233.8,-4167,-4127.4,-4139.9,-4153.2,-4193.3,-4260.8,-4356.7,-4482.3,-4638.4,-4825.8,-5043.5,-5288.8,-5555.3,-5832.2,-6103.6,-6349.2,-6546.7,-6675.2,-6719.9,-6675.2,-6546.7,-6349.2,-6103.6,-5832.2,-5555.3,-5288.8,-5043.5,-4825.8,-4638.4,-4482.3,-4356.7,-4260.8,-4193.3,-4153.2,-4139.9,-4153.2,-4193.3,-4260.8,-4356.7,-4482.3,-4638.4,-4825.8,-5043.5,-5288.8,-5555.3,-5832.2,-6103.6,-6349.2,-6546.7,-6675.2,-6719.9,-6675.2,-6546.7,-6349.2,-6103.6,-5832.2,-5555.3,-5288.8,-5043.5,-4825.8,-4638.4,-4482.3,-4356.7,-4260.8,-4193.3,-4153.2,-4114.2,-4127.4,-4167,-4233.8,-4328.7,-4452.8,-4607.1,-4792.3,-5007.4,-5249.6,-5512.7,-5785.9,-6053.5,-6295.8,-6490.5,-6617.1,-6661.1,-6617.1,-6490.5,-6295.8,-6053.5,-5785.9,-5512.7,-5249.6,-5007.4,-4792.3,-4607.1,-4452.8,-4328.7,-4233.8,-4167,-4127.4,-4063.6,-4076.4,-4115.2,-4180.6,-4273.4,-4394.7,-4545.6,-4726.4,-4936.4,-5172.6,-5428.9,-5694.9,-5955.4,-6190.9,-6380.2,-6503.3,-6546,-6503.3,-6380.2,-6190.9,-5955.4,-5694.9,-5428.9,-5172.6,-4936.4,-4726.4,-4545.6,-4394.7,-4273.4,-4180.6,-4115.2,-4076.4,-3989.4,-4001.9,-4039.4,-4102.7,-4192.5,-4309.8,-4455.6,-4630.2,-4832.7,-5060.3,-5307,-5562.6,-5812.7,-6038.7,-6220.1,-6338,-6379,-6338,-6220.1,-6038.7,-5812.7,-5562.6,-5307,-5060.3,-4832.7,-4630.2,-4455.6,-4309.8,-4192.5,-4102.7,-4039.4,-4001.9,-3893.8,-3905.8,-3941.8,-4002.4,-4088.4,-4200.6,-4340,-4506.6,-4699.7,-4916.4,-5150.9,-5393.6,-5630.6,-5844.6,-6016.2,-6127.6,-6166.3,-6127.6,-6016.2,-5844.6,-5630.6,-5393.6,-5150.9,-4916.4,-4699.7,-4506.6,-4340,-4200.6,-4088.4,-4002.4,-3941.8,-3905.8,-3779.4,-3790.7,-3824.9,-3882.4,-3963.9,-4070.2,-4202,-4359.4,-4541.4,-4745.4,-4965.7,-5193.3,-5415.2,-5615.2,-5775.4,-5879.4,-5915.5,-5879.4,-5775.4,-5615.2,-5415.2,-5193.3,-4965.7,-4745.4,-4541.4,-4359.4,-4202,-4070.2,-3963.9,-3882.4,-3824.9,-3790.7,-3649,-3659.7,-3691.8,-3745.8,-3822.3,-3921.9,-4045.3,-4192.5,-4362.4,-4552.3,-4757,-4968,-5173.3,-5358,-5505.8,-5601.6,-5634.9,-5601.6,-5505.8,-5358,-5173.3,-4968,-4757,-4552.3,-4362.4,-4192.5,-4045.3,-3921.9,-3822.3,-3745.8,-3691.8,-3659.7,-3505.7,-3515.7,-3545.6,-3595.8,-3667,-3759.6,-3874,-4010.2,-4167.1,-4342.2,-4530.4,-4723.9,-4911.8,-5080.5,-5215.2,-5302.5,-5332.8,-5302.5,-5215.2,-5080.5,-4911.8,-4723.9,-4530.4,-4342.2,-4167.1,-4010.2,-3874,-3759.6,-3667,-3595.8,-3545.6,-3515.7,-3352.7,-3361.9,-3389.5,-3435.9,-3501.5,-3586.7,-3691.9,-3816.8,-3960.5,-4120.3,-4291.6,-4467.3,-4637.5,-4790,-4911.5,-4990.2,-5017.4,-4990.2,-4911.5,-4790,-4637.5,-4467.3,-4291.6,-4120.3,-3960.5,-3816.8,-3691.9,-3586.7,-3501.5,-3435.9,-3389.5,-3361.9,-3193,-3201.4,-3226.7,-3269.1,-3329.1,-3406.9,-3502.8,-3616.5,-3746.8,-3891.3,-4045.9,-4204,-4356.7,-4493.1,-4601.7,-4671.9,-4696.2,-4671.9,-4601.7,-4493.1,-4356.7,-4204,-4045.9,-3891.3,-3746.8,-3616.5,-3502.8,-3406.9,-3329.1,-3269.1,-3226.7,-3201.4,-3029.3,-3037,-3060,-3098.6,-3153,-3223.5,-3310.2,-3412.8,-3530.1,-3659.8,-3798.1,-3939.1,-4074.9,-4196,-4292.1,-4354.2,-4375.6,-4354.2,-4292.1,-4196,-4074.9,-3939.1,-3798.1,-3659.8,-3530.1,-3412.8,-3310.2,-3223.5,-3153,-3098.6,-3060,-3037,-2864.4,-2871.3,-2892.1,-2926.9,-2975.9,-3039.4,-3117.2,-3209.1,-3313.9,-3429.4,-3552.2,-3677.1,-3796.9,-3903.5,-3987.9,-4042.3,-4061.1,-4042.3,-3987.9,-3903.5,-3796.9,-3677.1,-3552.2,-3429.4,-3313.9,-3209.1,-3117.2,-3039.4,-2975.9,-2926.9,-2892.1,-2871.3,-2700.3,-2706.5,-2725.1,-2756.3,-2800.3,-2857,-2926.5,-3008.2,-3101.2,-3203.4,-3311.7,-3421.5,-3526.5,-3619.6,-3693.3,-3740.6,-3757,-3740.6,-3693.3,-3619.6,-3526.5,-3421.5,-3311.7,-3203.4,-3101.2,-3008.2,-2926.5,-2857,-2800.3,-2756.3,-2725.1,-2706.5,-2539,-2544.6,-2561.2,-2589,-2628.1,-2678.5,-2740.1,-2812.4,-2894.4,-2984.3,-3079.3,-3175.1,-3266.6,-3347.5,-3411.3,-3452.2,-3466.4,-3452.2,-3411.3,-3347.5,-3266.6,-3175.1,-3079.3,-2984.3,-2894.4,-2812.4,-2740.1,-2678.5,-2628.1,-2589,-2561.2,-2544.6,-2382.1,-2387,-2401.7,-2426.4,-2461,-2505.5,-2559.8,-2623.5,-2695.4,-2774,-2856.8,-2940.1,-3019.3,-3089.1,-3144.1,-3179.3,-3191.5,-3179.3,-3144.1,-3089.1,-3019.3,-2940.1,-2856.8,-2774,-2695.4,-2623.5,-2559.8,-2505.5,-2461,-2426.4,-2401.7,-2387,-2230.6,-2235,-2248,-2269.7,-2300.2,-2339.4,-2387,-2442.7,-2505.5,-2573.9,-2645.7,-2717.7,-2786,-2846,-2893.1,-2923.3,-2933.7,-2923.3,-2893.1,-2846,-2786,-2717.7,-2645.7,-2573.9,-2505.5,-2442.7,-2387,-2339.4,-2300.2,-2269.7,-2248,-2235,-2085.6,-2089.4,-2100.8,-2119.9,-2146.6,-2180.9,-2222.5,-2271.1,-2325.6,-2384.9,-2446.9,-2508.9,-2567.5,-2618.8,-2659.1,-2684.8,-2693.7,-2684.8,-2659.1,-2618.8,-2567.5,-2508.9,-2446.9,-2384.9,-2325.6,-2271.1,-2222.5,-2180.9,-2146.6,-2119.9,-2100.8,-2089.4,-1947.5,-1950.9,-1960.9,-1977.5,-2000.9,-2030.8,-2067,-2109.1,-2156.3,-2207.5,-2260.8,-2313.9,-2364,-2407.8,-2442,-2463.9,-2471.4,-2463.9,-2442,-2407.8,-2364,-2313.9,-2260.8,-2207.5,-2156.3,-2109.1,-2067,-2030.8,-2000.9,-1977.5,-1960.9,-1950.9,-1816.9,-1819.8,-1828.5,-1843,-1863.3,-1889.2,-1920.6,-1957,-1997.8,-2041.7,-2087.4,-2132.8,-2175.5,-2212.7,-2241.8,-2260.3,-2266.6,-2260.3,-2241.8,-2212.7,-2175.5,-2132.8,-2087.4,-2041.7,-1997.8,-1957,-1920.6,-1889.2,-1863.3,-1843,-1828.5,-1819.8,-1693.8,-1696.3,-1703.8,-1716.4,-1734,-1756.5,-1783.6,-1814.9,-1849.9,-1887.6,-1926.6,-1965.3,-2001.6,-2033.1,-2057.7,-2073.3,-2078.6,-2073.3,-2057.7,-2033.1,-2001.6,-1965.3,-1926.6,-1887.6,-1849.9,-1814.9,-1783.6,-1756.5,-1734,-1716.4,-1703.8,-1696.3,-1578.2,-1580.4,-1586.9,-1597.8,-1613,-1632.4,-1655.7,-1682.6,-1712.6,-1744.8,-1778,-1810.9,-1841.6,-1868.2,-1888.9,-1902.1,-1906.6,-1902.1,-1888.9,-1868.2,-1841.6,-1810.9,-1778,-1744.8,-1712.6,-1682.6,-1655.7,-1632.4,-1613,-1597.8,-1586.9,-1580.4,-1470.1,-1472,-1477.7,-1487,-1500.1,-1516.7,-1536.7,-1559.8,-1585.4,-1612.8,-1641,-1668.8,-1694.8,-1717.3,-1734.7,-1745.7,-1749.5,-1745.7,-1734.7,-1717.3,-1694.8,-1668.8,-1641,-1612.8,-1585.4,-1559.8,-1536.7,-1516.7,-1500.1,-1487,-1477.7,-1472,-1369.3,-1370.9,-1375.8,-1383.8,-1395,-1409.3,-1426.4,-1446,-1467.8,-1491.1,-1515,-1538.5,-1560.4,-1579.3,-1593.9,-1603.2,-1606.4,-1603.2,-1593.9,-1579.3,-1560.4,-1538.5,-1515,-1491.1,-1467.8,-1446,-1426.4,-1409.3,-1395,-1383.8,-1375.8,-1370.9,-1275.5,-1276.9,-1281,-1287.9,-1297.5,-1309.6,-1324.2,-1340.9,-1359.4,-1379.1,-1399.3,-1419.1,-1437.5,-1453.4,-1465.6,-1473.4,-1476,-1473.4,-1465.6,-1453.4,-1437.5,-1419.1,-1399.3,-1379.1,-1359.4,-1340.9,-1324.2,-1309.6,-1297.5,-1287.9,-1281,-1276.9,-1188.3,-1189.5,-1193,-1198.9,-1207,-1217.4,-1229.7,-1243.9,-1259.5,-1276.2,-1293.2,-1309.8,-1325.3,-1338.5,-1348.8,-1355.2,-1357.5,-1355.2,-1348.8,-1338.5,-1325.3,-1309.8,-1293.2,-1276.2,-1259.5,-1243.9,-1229.7,-1217.4,-1207,-1198.9,-1193,-1189.5,-1107.4,-1108.4,-1111.4,-1116.4,-1123.3,-1132.1,-1142.5,-1154.5,-1167.7,-1181.7,-1196,-1209.9,-1222.8,-1233.9,-1242.4,-1247.8,-1249.7,-1247.8,-1242.4,-1233.9,-1222.8,-1209.9,-1196,-1181.7,-1167.7,-1154.5,-1142.5,-1132.1,-1123.3,-1116.4,-1111.4,-1108.4,-1032.5,-1033.3,-1035.9,-1040.1,-1045.9,-1053.3,-1062.1,-1072.2,-1083.2,-1095,-1106.9,-1118.6,-1129.3,-1138.5,-1145.6,-1150.1,-1151.6,-1150.1,-1145.6,-1138.5,-1129.3,-1118.6,-1106.9,-1095,-1083.2,-1072.2,-1062.1,-1053.3,-1045.9,-1040.1,-1035.9,-1033.3,-963.07,-963.79,-965.92,-969.46,-974.36,-980.55,-987.95,-996.38,-1005.6,-1015.4,-1025.4,-1035.1,-1044,-1051.7,-1057.6,-1061.3,-1062.5,-1061.3,-1057.6,-1051.7,-1044,-1035.1,-1025.4,-1015.4,-1005.6,-996.38,-987.95,-980.55,-974.36,-969.46,-965.92,-963.79,-898.85,-899.45,-901.24,-904.19,-908.29,-913.46,-919.63,-926.66,-934.36,-942.5,-950.77,-958.8,-966.19,-972.51,-977.36,-980.41,-981.46,-980.41,-977.36,-972.51,-966.19,-958.8,-950.77,-942.5,-934.36,-926.66,-919.63,-913.46,-908.29,-904.19,-901.24,-899.45,-839.45,-839.95,-841.43,-843.88,-847.28,-851.58,-856.69,-862.51,-868.88,-875.61,-882.43,-889.05,-895.13,-900.33,-904.31,-906.82,-907.68,-906.82,-904.31,-900.33,-895.13,-889.05,-882.43,-875.61,-868.88,-862.51,-856.69,-851.58,-847.28,-843.88,-841.43,-839.95,-784.51,-784.92,-786.14,-788.16,-790.96,-794.5,-798.7,-803.49,-808.73,-814.25,-819.84,-825.26,-830.23,-834.48,-837.73,-839.78,-840.48,-839.78,-837.73,-834.48,-830.23,-825.26,-819.84,-814.25,-808.73,-803.49,-798.7,-794.5,-790.96,-788.16,-786.14,-784.92,-733.7,-734.03,-735.03,-736.68,-738.96,-741.84,-745.27,-749.17,-753.44,-757.93,-762.48,-766.88,-770.92,-774.37,-777,-778.66,-779.23,-778.66,-777,-774.37,-770.92,-766.88,-762.48,-757.93,-753.44,-749.17,-745.27,-741.84,-738.96,-736.68,-735.03,-734.03
-729.53,-729.9,-731.01,-732.85,-735.41,-738.65,-742.54,-747,-751.92,-757.14,-762.48,-767.69,-772.5,-776.64,-779.82,-781.83,-782.52,-781.83,-779.82,-776.64,-772.5,-767.69,-762.48,-757.14,-751.92,-747,-742.54,-738.65,-735.41,-732.85,-731.01,-729.9,-779.52,-779.97,-781.33,-783.59,-786.73,-790.71,-795.48,-800.95,-806.99,-813.41,-819.97,-826.39,-832.32,-837.42,-841.35,-843.83,-844.68,-843.83,-841.35,-837.42,-832.32,-826.39,-819.97,-813.41,-806.99,-800.95,-795.48,-790.71,-786.73,-783.59,-781.33,-779.97,-833.51,-834.06,-835.71,-838.45,-842.26,-847.09,-852.89,-859.54,-866.89,-874.71,-882.72,-890.56,-897.81,-904.06,-908.87,-911.92,-912.96,-911.92,-908.87,-904.06,-897.81,-890.56,-882.72,-874.71,-866.89,-859.54,-852.89,-847.09,-842.26,-838.45,-835.71,-834.06,-891.83,-892.49,-894.47,-897.77,-902.35,-908.17,-915.16,-923.19,-932.07,-941.54,-951.24,-960.75,-969.58,-977.18,-983.05,-986.76,-988.03,-986.76,-983.05,-977.18,-969.58,-960.75,-951.24,-941.54,-932.07,-923.19,-915.16,-908.17,-902.35,-897.77,-894.47,-892.49,-954.78,-955.57,-957.94,-961.88,-967.36,-974.33,-982.7,-992.33,-1003,-1014.4,-1026.1,-1037.6,-1048.3,-1057.5,-1064.6,-1069.1,-1070.6,-1069.1,-1064.6,-1057.5,-1048.3,-1037.6,-1026.1,-1014.4,-1003,-992.33,-982.7,-974.33,-967.36,-961.88,-957.94,-955.57,-1022.7,-1023.7,-1026.5,-1031.2,-1037.7,-1046,-1055.9,-1067.4,-1080.2,-1093.8,-1107.9,-1121.7,-1134.5,-1145.7,-1154.3,-1159.7,-1161.6,-1159.7,-1154.3,-1145.7,-1134.5,-1121.7,-1107.9,-1093.8,-1080.2,-1067.4,-1055.9,-1046,-1037.7,-1031.2,-1026.5,-1023.7,-1096,-1097.1,-1100.4,-1106,-1113.7,-1123.5,-1135.3,-1149,-1164.2,-1180.4,-1197.2,-1213.8,-1229.2,-1242.6,-1252.9,-1259.5,-1261.8,-1259.5,-1252.9,-1242.6,-1229.2,-1213.8,-1197.2,-1180.4,-1164.2,-1149,-1135.3,-1123.5,-1113.7,-1106,-1100.4,-1097.1,-1175,-1176.3,-1180.2,-1186.7,-1195.8,-1207.4,-1221.3,-1237.5,-1255.5,-1274.8,-1294.8,-1314.6,-1333,-1349.1,-1361.5,-1369.5,-1372.2,-1369.5,-1361.5,-1349.1,-1333,-1314.6,-1294.8,-1274.8,-1255.5,-1237.5,-1221.3,-1207.4,-1195.8,-1186.7,-1180.2,-1176.3,-1260,-1261.5,-1266.1,-1273.7,-1284.3,-1297.9,-1314.4,-1333.4,-1354.7,-1377.6,-1401.3,-1424.9,-1446.9,-1466.1,-1481.1,-1490.6,-1493.8,-1490.6,-1481.1,-1466.1,-1446.9,-1424.9,-1401.3,-1377.6,-1354.7,-1333.4,-1314.4,-1297.9,-1284.3,-1273.7,-1266.1,-1261.5,-1351.3,-1353.1,-1358.4,-1367.3,-1379.8,-1395.7,-1415,-1437.3,-1462.4,-1489.4,-1517.5,-1545.5,-1571.7,-1594.6,-1612.5,-1623.9,-1627.8,-1623.9,-1612.5,-1594.6,-1571.7,-1545.5,-1517.5,-1489.4,-1462.4,-1437.3,-1415,-1395.7,-1379.8,-1367.3,-1358.4,-1353.1,-1449.3,-1451.3,-1457.5,-1467.9,-1482.4,-1501,-1523.5,-1549.7,-1579,-1610.9,-1644.1,-1677.2,-1708.4,-1735.7,-1757,-1770.6,-1775.3,-1770.6,-1757,-1735.7,-1708.4,-1677.2,-1644.1,-1610.9,-1579,-1549.7,-1523.5,-1501,-1482.4,-1467.9,-1457.5,-1451.3,-1554.1,-1556.5,-1563.7,-1575.7,-1592.5,-1614.1,-1640.3,-1670.9,-1705.3,-1742.6,-1781.7,-1820.8,-1857.8,-1890.2,-1915.6,-1931.8,-1937.4,-1931.8,-1915.6,-1890.2,-1857.8,-1820.8,-1781.7,-1742.6,-1705.3,-1670.9,-1640.3,-1614.1,-1592.5,-1575.7,-1563.7,-1556.5,-1666,-1668.7,-1677,-1690.9,-1710.3,-1735.3,-1765.8,-1801.3,-1841.4,-1885.2,-1931.1,-1977.1,-2020.8,-2059.3,-2089.4,-2108.8,-2115.4,-2108.8,-2089.4,-2059.3,-2020.8,-1977.1,-1931.1,-1885.2,-1841.4,-1801.3,-1765.8,-1735.3,-1710.3,-1690.9,-1677,-1668.7,-1785,-1788.1,-1797.7,-1813.6,-1836,-1864.9,-1900.1,-1941.3,-1987.9,-2039,-2092.7,-2146.8,-2198.3,-2243.8,-2279.5,-2302.5,-2310.4,-2302.5,-2279.5,-2243.8,-2198.3,-2146.8,-2092.7,-2039,-1987.9,-1941.3,-1900.1,-1864.9,-1836,-1813.6,-1797.7,-1788.1,-1911,-1914.7,-1925.6,-1943.9,-1969.6,-2002.7,-2043.3,-2090.9,-2145,-2204.3,-2267,-2330.4,-2390.9,-2444.5,-2486.8,-2513.9,-2523.3,-2513.9,-2486.8,-2444.5,-2390.9,-2330.4,-2267,-2204.3,-2145,-2090.9,-2043.3,-2002.7,-1969.6,-1943.9,-1925.6,-1914.7,-2043.9,-2048.1,-2060.6,-2081.4,-2110.8,-2148.8,-2195.3,-2250.1,-2312.6,-2381.3,-2454.2,-2528.2,-2599.1,-2662,-2711.8,-2743.9,-2755,-2743.9,-2711.8,-2662,-2599.1,-2528.2,-2454.2,-2381.3,-2312.6,-2250.1,-2195.3,-2148.8,-2110.8,-2081.4,-2060.6,-2048.1,-2183.3,-2188,-2202.2,-2225.9,-2259.4,-2302.7,-2355.8,-2418.7,-2490.5,-2569.8,-2654.2,-2740.2,-2822.9,-2896.6,-2955.1,-2992.9,-3005.9,-2992.9,-2955.1,-2896.6,-2822.9,-2740.2,-2654.2,-2569.8,-2490.5,-2418.7,-2355.8,-2302.7,-2259.4,-2225.9,-2202.2,-2188,-2328.6,-2333.9,-2349.9,-2376.7,-2414.6,-2463.8,-2524.3,-2596,-2678.1,-2769.2,-2866.6,-2966.1,-3062.3,-3148.2,-3216.6,-3260.8,-3276.1,-3260.8,-3216.6,-3148.2,-3062.3,-2966.1,-2866.6,-2769.2,-2678.1,-2596,-2524.3,-2463.8,-2414.6,-2376.7,-2349.9,-2333.9,-2478.8,-2484.8,-2502.8,-2533,-2575.7,-2631.2,-2699.7,-2781.1,-2874.7,-2978.8,-3090.5,-3205.2,-3316.3,-3416,-3495.6,-3547.1,-3565,-3547.1,-3495.6,-3416,-3316.3,-3205.2,-3090.5,-2978.8,-2874.7,-2781.1,-2699.7,-2631.2,-2575.7,-2533,-2502.8,-2484.8,-2632.9,-2639.6,-2659.7,-2693.5,-2741.4,-2803.8,-2880.9,-2972.8,-3078.7,-3197.1,-3324.6,-3455.9,-3583.8,-3698.8,-3790.8,-3850.6,-3871.3,-3850.6,-3790.8,-3698.8,-3583.8,-3455.9,-3324.6,-3197.1,-3078.7,-2972.8,-2880.9,-2803.8,-2741.4,-2693.5,-2659.7,-2639.6,-2789.3,-2796.7,-2819.1,-2856.8,-2910.1,-2979.8,-3066.1,-3169.2,-3288.5,-3422.2,-3566.8,-3716.3,-3862.4,-3994.3,-4100.1,-4168.9,-4192.8,-4168.9,-4100.1,-3994.3,-3862.4,-3716.3,-3566.8,-3422.2,-3288.5,-3169.2,-3066.1,-2979.8,-2910.1,-2856.8,-2819.1,-2796.7,-2946.3,-2954.5,-2979.2,-3020.9,-3080,-3157.2,-3253.2,-3368.1,-3501.5,-3651.6,-3814.4,-3983.5,-4149.2,-4299.3,-4420.1,-4498.8,-4526.1,-4498.8,-4420.1,-4299.3,-4149.2,-3983.5,-3814.4,-3651.6,-3501.5,-3368.1,-3253.2,-3157.2,-3080,-3020.9,-2979.2,-2954.5,-3101.7,-3110.7,-3137.9,-3183.6,-3248.6,-3333.7,-3439.6,-3566.9,-3715,-3882.1,-4064.1,-4253.8,-4440.4,-4609.9,-4746.6,-4835.8,-4866.8,-4835.8,-4746.6,-4609.9,-4440.4,-4253.8,-4064.1,-3882.1,-3715,-3566.9,-3439.6,-3333.7,-3248.6,-3183.6,-3137.9,-3110.7,-3253.2,-3263,-3292.6,-3342.4,-3413.4,-3506.4,-3622.5,-3762.2,-3925.3,-4110,-4311.7,-4522.7,-4730.9,-4920.6,-5074,-5174.2,-5209.1,-5174.2,-5074,-4920.6,-4730.9,-4522.7,-4311.7,-4110,-3925.3,-3762.2,-3622.5,-3506.4,-3413.4,-3342.4,-3292.6,-3263,-3398,-3408.6,-3440.6,-3494.5,-3571.4,-3672.2,-3798.3,-3950.5,-4128.6,-4330.8,-4552.4,-4785,-5015.1,-5225.4,-5395.7,-5507.2,-5546,-5507.2,-5395.7,-5225.4,-5015.1,-4785,-4552.4,-4330.8,-4128.6,-3950.5,-3798.3,-3672.2,-3571.4,-3494.5,-3440.6,-3408.6,-3533.4,-3544.8,-3579,-3636.9,-3719.4,-3827.8,-3963.6,-4127.8,-4320.5,-4539.8,-4780.9,-5034.6,-5286.4,-5516.9,-5704.1,-5826.7,-5869.5,-5826.7,-5704.1,-5516.9,-5286.4,-5034.6,-4780.9,-4539.8,-4320.5,-4127.8,-3963.6,-3827.8,-3719.4,-3636.9,-3579,-3544.8,-3656.5,-3668.5,-3704.9,-3766.4,-3854.2,-3969.7,-4114.6,-4290.1,-4496.4,-4731.9,-4991.5,-5265.2,-5537.6,-5787.6,-5990.8,-6124.1,-6170.6,-6124.1,-5990.8,-5787.6,-5537.6,-5265.2,-4991.5,-4731.9,-4496.4,-4290.1,-4114.6,-3969.7,-3854.2,-3766.4,-3704.9,-3668.5,-3764.4,-3777,-3815.3,-3880.1,-3972.6,-4094.5,-4247.5,-4433.1,-4651.8,-4902,-5178.3,-5470.3,-5761.5,-6029.2,-6247.1,-6390.2,-6440.2,-6390.2,-6247.1,-6029.2,-5761.5,-5470.3,-5178.3,-4902,-4651.8,-4433.1,-4247.5,-4094.5,-3972.6,-3880.1,-3815.3,-3777,-3854.3,-3867.6,-3907.5,-3975,-4071.5,-4198.8,-4358.7,-4553.1,-4782.4,-5045.1,-5335.7,-5643.5,-5950.9,-6233.9,-6464.6,-6616.2,-6669.1,-6616.2,-6464.6,-6233.9,-5950.9,-5643.5,-5335.7,-5045.1,-4782.4,-4553.1,-4358.7,-4198.8,-4071.5,-3975,-3907.5,-3867.6,-3924.1,-3937.8,-3979,-4048.7,-4148.3,-4279.8,-4445.3,-4646.4,-4884.1,-5156.7,-5458.8,-5779.1,-6099.5,-6394.7,-6635.5,-6793.9,-6849.2,-6793.9,-6635.5,-6394.7,-6099.5,-5779.1,-5458.8,-5156.7,-4884.1,-4646.4,-4445.3,-4279.8,-4148.3,-4048.7,-3979,-3937.8,-3971.8,-3985.7,-4027.8,-4099,-4200.8,-4335.2,-4504.5,-4710.4,-4953.8,-5233.3,-5543.3,-5872.4,-6201.7,-6505.4,-6753.3,-6916.4,-6973.4,-6916.4,-6753.3,-6505.4,-6201.7,-5872.4,-5543.3,-5233.3,-4953.8,-4710.4,-4504.5,-4335.2,-4200.8,-4099,-4027.8,-3985.7,-3995.9,-4010,-4052.5,-4124.5,-4227.4,-4363.4,-4534.5,-4742.9,-4989.3,-5272.3,-5586.4,-5919.9,-6253.8,-6561.9,-6813.5,-6978.9,-7036.8,-6978.9,-6813.5,-6561.9,-6253.8,-5919.9,-5586.4,-5272.3,-4989.3,-4742.9,-4534.5,-4363.4,-4227.4,-4124.5,-4052.5,-4010,-3995.9,-4010,-4052.5,-4124.5,-4227.4,-4363.4,-4534.5,-4742.9,-4989.3,-5272.3,-5586.4,-5919.9,-6253.8,-6561.9,-6813.5,-6978.9,-7036.8,-6978.9,-6813.5,-6561.9,-6253.8,-5919.9,-5586.4,-5272.3,-4989.3,-4742.9,-4534.5,-4363.4,-4227.4,-4124.5,-4052.5,-4010,-3971.8,-3985.7,-4027.8,-4099,-4200.8,-4335.2,-4504.5,-4710.4,-4953.8,-5233.3,-5543.3,-5872.4,-6201.7,-6505.4,-6753.3,-6916.4,-6973.4,-6916.4,-6753.3,-6505.4,-6201.7,-5872.4,-5543.3,-5233.3,-4953.8,-4710.4,-4504.5,-4335.2,-4200.8,-4099,-4027.8,-3985.7,-3924.1,-3937.8,-3979,-4048.7,-4148.3,-4279.8,-4445.3,-4646.4,-4884.1,-5156.7,-5458.8,-5779.1,-6099.5,-6394.7,-6635.5,-6793.9,-6849.2,-6793.9,-6635.5,-6394.7,-6099.5,-5779.1,-5458.8,-5156.7,-4884.1,-4646.4,-4445.3,-4279.8,-4148.3,-4048.7,-3979,-3937.8,-3854.3,-3867.6,-3907.5,-3975,-4071.5,-4198.8,-4358.7,-4553.1,-4782.4,-5045.1,-5335.7,-5643.5,-5950.9,-6233.9,-6464.6,-6616.2,-6669.1,-6616.2,-6464.6,-6233.9,-5950.9,-5643.5,-5335.7,-5045.1,-4782.4,-4553.1,-4358.7,-4198.8,-4071.5,-3975,-3907.5,-3867.6,-3764.4,-3777,-3815.3,-3880.1,-3972.6,-4094.5,-4247.5,-4433.1,-4651.8,-4902,-5178.3,-5470.3,-5761.5,-6029.2,-6247.1,-6390.2,-6440.2,-6390.2,-6247.1,-6029.2,-5761.5,-5470.3,-5178.3,-4902,-4651.8,-4433.1,-4247.5,-4094.5,-3972.6,-3880.1,-3815.3,-3777,-3656.5,-3668.5,-3704.9,-3766.4,-3854.2,-3969.7,-4114.6,-4290.1,-4496.4,-4731.9,-4991.5,-5265.2,-5537.6,-5787.6,-5990.8,-6124.1,-6170.6,-6124.1,-5990.8,-5787.6,-5537.6,-5265.2,-4991.5,-4731.9,-4496.4,-4290.1,-4114.6,-3969.7,-3854.2,-3766.4,-3704.9,-3668.5,-3533.4,-3544.8,-3579,-3636.9,-3719.4,-3827.8,-3963.6,-4127.8,-4320.5,-4539.8,-4780.9,-5034.6,-5286.4,-5516.9,-5704.1,-5826.7,-5869.5,-5826.7,-5704.1,-5516.9,-5286.4,-5034.6,-4780.9,-4539.8,-4320.5,-4127.8,-3963.6,-3827.8,-3719.4,-3636.9,-3579,-3544.8,-3398,-3408.6,-3440.6,-3494.5,-3571.4,-3672.2,-3798.3,-3950.5,-4128.6,-4330.8,-4552.4,-4785,-5015.1,-5225.4,-5395.7,-5507.2,-5546,-5507.2,-5395.7,-5225.4,-5015.1,-4785,-4552.4,-4330.8,-4128.6,-3950.5,-3798.3,-3672.2,-3571.4,-3494.5,-3440.6,-3408.6,-3253.2,-3263,-3292.6,-3342.4,-3413.4,-3506.4,-3622.5,-3762.2,-3925.3,-4110,-4311.7,-4522.7,-4730.9,-4920.6,-5074,-5174.2,-5209.1,-5174.2,-5074,-4920.6,-4730.9,-4522.7,-4311.7,-4110,-3925.3,-3762.2,-3622.5,-3506.4,-3413.4,-3342.4,-3292.6,-3263,-3101.7,-3110.7,-3137.9,-3183.6,-3248.6,-3333.7,-3439.6,-3566.9,-3715,-3882.1,-4064.1,-4253.8,-4440.4,-4609.9,-4746.6,-4835.8,-4866.8,-4835.8,-4746.6,-4609.9,-4440.4,-4253.8,-4064.1,-3882.1,-3715,-3566.9,-3439.6,-3333.7,-3248.6,-3183.6,-3137.9,-3110.7,-2946.3,-2954.5,-2979.2,-3020.9,-3080,-3157.2,-3253.2,-3368.1,-3501.5,-3651.6,-3814.4,-3983.5,-4149.2,-4299.3,-4420.1,-4498.8,-4526.1,-4498.8,-4420.1,-4299.3,-4149.2,-3983.5,-3814.4,-3651.6,-3501.5,-3368.1,-3253.2,-3157.2,-3080,-3020.9,-2979.2,-2954.5,-2789.3,-2796.7,-2819.1,-2856.8,-2910.1,-2979.8,-3066.1,-3169.2,-3288.5,-3422.2,-3566.8,-3716.3,-3862.4,-3994.3,-4100.1,-4168.9,-4192.8,-4168.9,-4100.1,-3994.3,-3862.4,-3716.3,-3566.8,-3422.2,-3288.5,-3169.2,-3066.1,-2979.8,-2910.1,-2856.8,-2819.1,-2796.7,-2632.9,-2639.6,-2659.7,-2693.5,-2741.4,-2803.8,-2880.9,-2972.8,-3078.7,-3197.1,-3324.6,-3455.9,-3583.8,-3698.8,-3790.8,-3850.6,-3871.3,-3850.6,-3790.8,-3698.8,-3583.8,-3455.9,-3324.6,-3197.1,-3078.7,-2972.8,-2880.9,-2803.8,-2741.4,-2693.5,-2659.7,-2639.6,-2478.8,-2484.8,-2502.8,-2533,-2575.7,-2631.2,-2699.7,-2781.1,-2874.7,-2978.8,-3090.5,-3205.2,-3316.3,-3416,-3495.6,-3547.1,-3565,-3547.1,-3495.6,-3416,-3316.3,-3205.2,-3090.5,-2978.8,-2874.7,-2781.1,-2699.7,-2631.2,-2575.7,-2533,-2502.8,-2484.8,-2328.6,-2333.9,-2349.9,-2376.7,-2414.6,-2463.8,-2524.3,-2596,-2678.1,-2769.2,-2866.6,-2966.1,-3062.3,-3148.2,-3216.6,-3260.8,-3276.1,-3260.8,-3216.6,-3148.2,-3062.3,-2966.1,-2866.6,-2769.2,-2678.1,-2596,-2524.3,-2463.8,-2414.6,-2376.7,-2349.9,-2333.9,-2183.3,-2188,-2202.2,-2225.9,-2259.4,-2302.7,-2355.8,-2418.7,-2490.5,-2569.8,-2654.2,-2740.2,-2822.9,-2896.6,-2955.1,-2992.9,-3005.9,-2992.9,-2955.1,-2896.6,-2822.9,-2740.2,-2654.2,-2569.8,-2490.5,-2418.7,-2355.8,-2302.7,-2259.4,-2225.9,-2202.2,-2188,-2043.9,-2048.1,-2060.6,-2081.4,-2110.8,-2148.8,-2195.3,-2250.1,-2312.6,-2381.3,-2454.2,-2528.2,-2599.1,-2662,-2711.8,-2743.9,-2755,-2743.9,-2711.8,-2662,-2599.1,-2528.2,-2454.2,-2381.3,-2312.6,-2250.1,-2195.3,-2148.8,-2110.8,-2081.4,-2060.6,-2048.1,-1911,-1914.7,-1925.6,-1943.9,-1969.6,-2002.7,-2043.3,-2090.9,-2145,-2204.3,-2267,-2330.4,-2390.9,-2444.5,-2486.8,-2513.9,-2523.3,-2513.9,-2486.8,-2444.5,-2390.9,-2330.4,-2267,-2204.3,-2145,-2090.9,-2043.3,-2002.7,-1969.6,-1943.9,-1925.6,-1914.7,-1785,-1788.1,-1797.7,-1813.6,-1836,-1864.9,-1900.1,-1941.3,-1987.9,-2039,-2092.7,-2146.8,-2198.3,-2243.8,-2279.5,-2302.5,-2310.4,-2302.5,-2279.5,-2243.8,-2198.3,-2146.8,-2092.7,-2039,-1987.9,-1941.3,-1900.1,-1864.9,-1836,-1813.6,-1797.7,-1788.1,-1666,-1668.7,-1677,-1690.9,-1710.3,-1735.3,-1765.8,-1801.3,-1841.4,-1885.2,-1931.1,-1977.1,-2020.8,-2059.3,-2089.4,-2108.8,-2115.4,-2108.8,-2089.4,-2059.3,-2020.8,-1977.1,-1931.1,-1885.2,-1841.4,-1801.3,-1765.8,-1735.3,-1710.3,-1690.9,-1677,-1668.7,-1554.1,-1556.5,-1563.7,-1575.7,-1592.5,-1614.1,-1640.3,-1670.9,-1705.3,-1742.6,-1781.7,-1820.8,-1857.8,-1890.2,-1915.6,-1931.8,-1937.4,-1931.8,-1915.6,-1890.2,-1857.8,-1820.8,-1781.7,-1742.6,-1705.3,-1670.9,-1640.3,-1614.1,-1592.5,-1575.7,-1563.7,-1556.5,-1449.3,-1451.3,-1457.5,-1467.9,-1482.4,-1501,-1523.5,-1549.7,-1579,-1610.9,-1644.1,-1677.2,-1708.4,-1735.7,-1757,-1770.6,-1775.3,-1770.6,-1757,-1735.7,-1708.4,-1677.2,-1644.1,-1610.9,-1579,-1549.7,-1523.5,-1501,-1482.4,-1467.9,-1457.5,-1451.3,-1351.3,-1353.1,-1358.4,-1367.3,-1379.8,-1395.7,-1415,-1437.3,-1462.4,-1489.4,-1517.5,-1545.5,-1571.7,-1594.6,-1612.5,-1623.9,-1627.8,-1623.9,-1612.5,-1594.6,-1571.7,-1545.5,-1517.5,-1489.4,-1462.4,-1437.3,-1415,-1395.7,-1379.8,-1367.3,-1358.4,-1353.1,-1260,-1261.5,-1266.1,-1273.7,-1284.3,-1297.9,-1314.4,-1333.4,-1354.7,-1377.6,-1401.3,-1424.9,-1446.9,-1466.1,-1481.1,-1490.6,-1493.8,-1490.6,-1481.1,-1466.1,-1446.9,-1424.9,-1401.3,-1377.6,-1354.7,-1333.4,-1314.4,-1297.9,-1284.3,-1273.7,-1266.1,-1261.5,-1175,-1176.3,-1180.2,-1186.7,-1195.8,-1207.4,-1221.3,-1237.5,-1255.5,-1274.8,-1294.8,-1314.6,-1333,-1349.1,-1361.5,-1369.5,-1372.2,-1369.5,-1361.5,-1349.1,-1333,-1314.6,-1294.8,-1274.8,-1255.5,-1237.5,-1221.3,-1207.4,-1195.8,-1186.7,-1180.2,-1176.3,-1096,-1097.1,-1100.4,-1106,-1113.7,-1123.5,-1135.3,-1149,-1164.2,-1180.4,-1197.2,-1213.8,-1229.2,-1242.6,-1252.9,-1259.5,-1261.8,-1259.5,-1252.9,-1242.6,-1229.2,-1213.8,-1197.2,-1180.4,-1164.2,-1149,-1135.3,-1123.5,-1113.7,-1106,-1100.4,-1097.1,-1022.7,-1023.7,-1026.5,-1031.2,-1037.7,-1046,-1055.9,-1067.4,-1080.2,-1093.8,-1107.9,-1121.7,-1134.5,-1145.7,-1154.3,-1159.7,-1161.6,-1159.7,-1154.3,-1145.7,-1134.5,-1121.7,-1107.9,-1093.8,-1080.2,-1067.4,-1055.9,-1046,-1037.7,-1031.2,-1026.5,-1023.7,-954.78,-955.57,-957.94,-961.88,-967.36,-974.33,-982.7,-992.33,-1003,-1014.4,-1026.1,-1037.6,-1048.3,-1057.5,-1064.6,-1069.1,-1070.6,-1069.1,-1064.6,-1057.5,-1048.3,-1037.6,-1026.1,-1014.4,-1003,-992.33,-982.7,-974.33,-967.36,-961.88,-957.94,-955.57,-891.83,-892.49,-894.47,-897.77,-902.35,-908.17,-915.16,-923.19,-932.07,-941.54,-951.24,-960.75,-969.58,-977.18,-983.05,-986.76,-988.03,-986.76,-983.05,-977.18,-969.58,-960.75,-951.24,-941.54,-932.07,-923.19,-915.16,-908.17,-902.35,-897.77,-894.47,-892.49,-833.51,-834.06,-835.71,-838.45,-842.26,-847.09,-852.89,-859.54,-866.89,-874.71,-882.72,-890.56,-897.81,-904.06,-908.87,-911.92,-912.96,-911.92,-908.87,-904.06,-897.81,-890.56,-882.72,-874.71,-866.89,-859.54,-852.89,-847.09,-842.26,-838.45,-835.71,-834.06,-779.52,-779.97,-781.33,-783.59,-786.73,-790.71,-795.48,-800.95,-806.99,-813.41,-819.97,-826.39,-832.32,-837.42,-841.35,-843.83,-844.68,-843.83,-841.35,-837.42,-832.32,-826.39,-819.97,-813.41,-806.99,-800.95,-795.48,-790.71,-786.73,-783.59,-781.33,-779.97,-729.53,-729.9,-731.01,-732.85,-735.41,-738.65,-742.54,-747,-751.92,-757.14,-762.48,-767.69,-772.5,-776.64,-779.82,-781.83,-782.52,-781.83,-779.82,-776.64,-772.5,-767.69,-762.48,-757.14,-751.92,-747,-742.54,-738.65,-735.41,-732.85,-731.01,-729.9
-725.31,-725.72,-726.93,-728.94,-731.74,-735.32,-739.64,-744.63,-750.17,-756.12,-762.24,-768.28,-773.89,-778.75,-782.51,-784.89,-785.71,-784.89,-782.51,-778.75,-773.89,-768.28,-762.24,-756.12,-750.17,-744.63,-739.64,-735.32,-731.74,-728.94,-726.93,-725.72,-774.5,-774.99,-776.47,-778.94,-782.38,-786.77,-792.06,-798.18,-804.99,-812.29,-819.83,-827.26,-834.18,-840.18,-844.82,-847.77,-848.78,-847.77,-844.82,-840.18,-834.18,-827.26,-819.83,-812.29,-804.99,-798.18,-792.06,-786.77,-782.38,-778.94,-776.47,-774.99,-827.56,-828.16,-829.95,-832.94,-837.11,-842.44,-848.87,-856.31,-864.6,-873.5,-882.69,-891.77,-900.25,-907.59,-913.3,-916.91,-918.16,-916.91,-913.3,-907.59,-900.25,-891.77,-882.69,-873.5,-864.6,-856.31,-848.87,-842.44,-837.11,-832.94,-829.95,-828.16,-884.79,-885.51,-887.67,-891.27,-896.29,-902.7,-910.45,-919.42,-929.43,-940.2,-951.35,-962.38,-972.69,-981.64,-988.6,-993.02,-994.54,-993.02,-988.6,-981.64,-972.69,-962.38,-951.35,-940.2,-929.43,-919.42,-910.45,-902.7,-896.29,-891.27,-887.67,-885.51,-946.51,-947.37,-949.95,-954.24,-960.24,-967.91,-977.19,-987.95,-999.97,-1012.9,-1026.4,-1039.7,-1052.2,-1063,-1071.5,-1076.9,-1078.7,-1076.9,-1071.5,-1063,-1052.2,-1039.7,-1026.4,-1012.9,-999.97,-987.95,-977.19,-967.91,-960.24,-954.24,-949.95,-947.37,-1013,-1014.1,-1017.1,-1022.2,-1029.3,-1038.5,-1049.5,-1062.3,-1076.7,-1092.2,-1108.3,-1124.4,-1139.4,-1152.5,-1162.8,-1169.3,-1171.5,-1169.3,-1162.8,-1152.5,-1139.4,-1124.4,-1108.3,-1092.2,-1076.7,-1062.3,-1049.5,-1038.5,-1029.3,-1022.2,-1017.1,-1014.1,-1084.7,-1085.9,-1089.5,-1095.5,-1103.9,-1114.7,-1127.8,-1143,-1160.1,-1178.6,-1197.9,-1217.1,-1235.2,-1251,-1263.4,-1271.2,-1273.9,-1271.2,-1263.4,-1251,-1235.2,-1217.1,-1197.9,-1178.6,-1160.1,-1143,-1127.8,-1114.7,-1103.9,-1095.5,-1089.5,-1085.9,-1161.8,-1163.2,-1167.4,-1174.5,-1184.4,-1197.1,-1212.6,-1230.6,-1250.8,-1272.8,-1295.8,-1318.7,-1340.4,-1359.4,-1374.2,-1383.7,-1387,-1383.7,-1374.2,-1359.4,-1340.4,-1318.7,-1295.8,-1272.8,-1250.8,-1230.6,-1212.6,-1197.1,-1184.4,-1174.5,-1167.4,-1163.2,-1244.6,-1246.3,-1251.2,-1259.5,-1271.1,-1286,-1304.2,-1325.4,-1349.3,-1375.3,-1402.6,-1429.9,-1455.8,-1478.6,-1496.4,-1507.8,-1511.8,-1507.8,-1496.4,-1478.6,-1455.8,-1429.9,-1402.6,-1375.3,-1349.3,-1325.4,-1304.2,-1286,-1271.1,-1259.5,-1251.2,-1246.3,-1333.5,-1335.5,-1341.2,-1350.9,-1364.4,-1381.8,-1403.1,-1428,-1456.1,-1486.8,-1519.1,-1551.6,-1582.5,-1609.7,-1631.1,-1644.8,-1649.5,-1644.8,-1631.1,-1609.7,-1582.5,-1551.6,-1519.1,-1486.8,-1456.1,-1428,-1403.1,-1381.8,-1364.4,-1350.9,-1341.2,-1335.5,-1428.7,-1431,-1437.7,-1448.8,-1464.6,-1484.9,-1509.7,-1538.8,-1571.8,-1608,-1646.1,-1684.6,-1721.3,-1753.8,-1779.3,-1795.8,-1801.4,-1795.8,-1779.3,-1753.8,-1721.3,-1684.6,-1646.1,-1608,-1571.8,-1538.8,-1509.7,-1484.9,-1464.6,-1448.8,-1437.7,-1431,-1530.4,-1533,-1540.7,-1553.7,-1571.9,-1595.5,-1624.3,-1658.3,-1696.9,-1739.3,-1784.2,-1829.8,-1873.3,-1911.9,-1942.4,-1962,-1968.8,-1962,-1942.4,-1911.9,-1873.3,-1829.8,-1784.2,-1739.3,-1696.9,-1658.3,-1624.3,-1595.5,-1571.9,-1553.7,-1540.7,-1533,-1638.8,-1641.8,-1650.7,-1665.6,-1686.6,-1713.9,-1747.3,-1786.7,-1831.7,-1881.4,-1934.1,-1987.8,-2039.3,-2085.2,-2121.5,-2144.9,-2153,-2144.9,-2121.5,-2085.2,-2039.3,-1987.8,-1934.1,-1881.4,-1831.7,-1786.7,-1747.3,-1713.9,-1686.6,-1665.6,-1650.7,-1641.8,-1753.8,-1757.2,-1767.4,-1784.6,-1808.8,-1840.2,-1878.8,-1924.4,-1976.7,-2034.6,-2096.4,-2159.5,-2220.3,-2274.6,-2317.7,-2345.6,-2355.2,-2345.6,-2317.7,-2274.6,-2220.3,-2159.5,-2096.4,-2034.6,-1976.7,-1924.4,-1878.8,-1840.2,-1808.8,-1784.6,-1767.4,-1757.2,-1875.5,-1879.3,-1891,-1910.6,-1938.4,-1974.4,-2018.8,-2071.5,-2132,-2199.3,-2271.4,-2345.3,-2416.9,-2481,-2532.1,-2565.2,-2576.7,-2565.2,-2532.1,-2481,-2416.9,-2345.3,-2271.4,-2199.3,-2132,-2071.5,-2018.8,-1974.4,-1938.4,-1910.6,-1891,-1879.3,-2003.5,-2007.9,-2021.2,-2043.5,-2075.2,-2116.3,-2167.2,-2227.8,-2297.6,-2375.5,-2459.3,-2545.7,-2629.6,-2705.1,-2765.5,-2804.7,-2818.3,-2804.7,-2765.5,-2705.1,-2629.6,-2545.7,-2459.3,-2375.5,-2297.6,-2227.8,-2167.2,-2116.3,-2075.2,-2043.5,-2021.2,-2007.9,-2137.5,-2142.5,-2157.6,-2182.9,-2218.8,-2265.7,-2323.7,-2393,-2473.2,-2563.1,-2660.2,-2760.6,-2858.7,-2947.2,-3018.3,-3064.6,-3080.6,-3064.6,-3018.3,-2947.2,-2858.7,-2760.6,-2660.2,-2563.1,-2473.2,-2393,-2323.7,-2265.7,-2218.8,-2182.9,-2157.6,-2142.5,-2276.9,-2282.5,-2299.5,-2328.1,-2368.7,-2421.8,-2487.7,-2566.7,-2658.4,-2761.5,-2873.5,-2989.9,-3104,-3207.4,-3290.7,-3345,-3363.9,-3345,-3290.7,-3207.4,-3104,-2989.9,-2873.5,-2761.5,-2658.4,-2566.7,-2487.7,-2421.8,-2368.7,-2328.1,-2299.5,-2282.5,-2420.7,-2427,-2446.1,-2478.3,-2523.9,-2583.8,-2658.3,-2747.8,-2852.1,-2970,-3098.5,-3232.6,-3364.7,-3484.9,-3582.1,-3645.6,-3667.7,-3645.6,-3582.1,-3484.9,-3364.7,-3232.6,-3098.5,-2970,-2852.1,-2747.8,-2658.3,-2583.8,-2523.9,-2478.3,-2446.1,-2427,-2568,-2575,-2596.3,-2632.2,-2683.3,-2750.4,-2834.2,-2935.1,-3053.1,-3187,-3333.6,-3487.4,-3639.5,-3778.5,-3891.2,-3965,-3990.7,-3965,-3891.2,-3778.5,-3639.5,-3487.4,-3333.6,-3187,-3053.1,-2935.1,-2834.2,-2750.4,-2683.3,-2632.2,-2596.3,-2575,-2717.2,-2725,-2748.6,-2788.5,-2845.4,-2920.1,-3013.7,-3126.8,-3259.5,-3410.7,-3577,-3752.1,-3926.2,-4085.9,-4215.8,-4301,-4330.7,-4301,-4215.8,-4085.9,-3926.2,-3752.1,-3577,-3410.7,-3259.5,-3126.8,-3013.7,-2920.1,-2845.4,-2788.5,-2748.6,-2725,-2866.7,-2875.3,-2901.3,-2945.3,-3008.2,-3090.9,-3194.8,-3320.7,-3469,-3638.6,-3825.9,-4024,-4221.8,-4403.9,-4552.5,-4650.2,-4684.3,-4650.2,-4552.5,-4403.9,-4221.8,-4024,-3825.9,-3638.6,-3469,-3320.7,-3194.8,-3090.9,-3008.2,-2945.3,-2901.3,-2875.3,-3014.4,-3023.8,-3052.3,-3100.6,-3169.6,-3260.6,-3375,-3514.2,-3678.7,-3867.5,-4076.8,-4299.3,-4522.2,-4728.2,-4896.8,-5007.9,-5046.7,-5007.9,-4896.8,-4728.2,-4522.2,-4299.3,-4076.8,-3867.5,-3678.7,-3514.2,-3375,-3260.6,-3169.6,-3100.6,-3052.3,-3023.8,-3158.1,-3168.3,-3199.4,-3251.9,-3327,-3426.4,-3551.6,-3704.2,-3885.2,-4093.6,-4325.7,-4573.3,-4822.4,-5053.4,-5242.9,-5368,-5411.8,-5368,-5242.9,-5053.4,-4822.4,-4573.3,-4325.7,-4093.6,-3885.2,-3704.2,-3551.6,-3426.4,-3327,-3251.9,-3199.4,-3168.3,-3295.3,-3306.3,-3339.8,-3396.5,-3477.8,-3585.3,-3721.1,-3887.2,-4084.6,-4312.7,-4567.8,-4840.7,-5116.4,-5372.8,-5583.7,-5723.2,-5772.1,-5723.2,-5583.7,-5372.8,-5116.4,-4840.7,-4567.8,-4312.7,-4084.6,-3887.2,-3721.1,-3585.3,-3477.8,-3396.5,-3339.8,-3306.3,-3423.3,-3435.2,-3471,-3531.7,-3618.8,-3734.3,-3880.3,-4059.3,-4272.7,-4520.1,-4797.5,-5095.5,-5397.3,-5678.9,-5911.1,-6064.8,-6118.7,-6064.8,-5911.1,-5678.9,-5397.3,-5095.5,-4797.5,-4520.1,-4272.7,-4059.3,-3880.3,-3734.3,-3618.8,-3531.7,-3471,-3435.2,-3539.6,-3552.1,-3590.1,-3654.6,-3747.1,-3869.9,-4025.6,-4216.7,-4445.1,-4710.6,-5009.2,-5331,-5657.9,-5963.5,-6216,-6383.4,-6442.2,-6383.4,-6216,-5963.5,-5657.9,-5331,-5009.2,-4710.6,-4445.1,-4216.7,-4025.6,-3869.9,-3747.1,-3654.6,-3590.1,-3552.1,-3641.4,-3654.6,-3694.5,-3762.3,-3859.7,-3989.1,-4153.3,-4355.4,-4597.3,-4879.2,-5197.1,-5540.5,-5890.2,-6218,-6489.1,-6669.1,-6732.3,-6669.1,-6489.1,-6218,-5890.2,-5540.5,-5197.1,-4879.2,-4597.3,-4355.4,-4153.3,-3989.1,-3859.7,-3762.3,-3694.5,-3654.6,-3726.2,-3739.9,-3781.5,-3852.1,-3953.6,-4088.6,-4260.2,-4471.6,-4725.1,-5021,-5355.5,-5717.6,-6087,-6433.8,-6721.1,-6912,-6979,-6912,-6721.1,-6433.8,-6087,-5717.6,-5355.5,-5021,-4725.1,-4471.6,-4260.2,-4088.6,-3953.6,-3852.1,-3781.5,-3739.9,-3791.9,-3806,-3848.9,-3921.8,-4026.5,-4165.9,-4343.3,-4562,-4824.6,-5131.7,-5479.3,-5856.2,-6241.4,-6603.5,-6903.6,-7103.2,-7173.3,-7103.2,-6903.6,-6603.5,-6241.4,-5856.2,-5479.3,-5131.7,-4824.6,-4562,-4343.3,-4165.9,-4026.5,-3921.8,-3848.9,-3806,-3836.7,-3851.2,-3895,-3969.3,-4076.3,-4218.8,-4400.1,-4623.8,-4892.8,-5207.6,-5564.4,-5951.6,-6347.7,-6720.4,-7029.6,-7235.2,-7307.4,-7235.2,-7029.6,-6720.4,-6347.7,-5951.6,-5564.4,-5207.6,-4892.8,-4623.8,-4400.1,-4218.8,-4076.3,-3969.3,-3895,-3851.2,-3859.5,-3874.1,-3918.3,-3993.4,-4101.6,-4245.6,-4428.9,-4655.3,-4927.5,-5246.3,-5607.7,-6000.2,-6401.9,-6780.1,-7093.9,-7302.6,-7376,-7302.6,-7093.9,-6780.1,-6401.9,-6000.2,-5607.7,-5246.3,-4927.5,-4655.3,-4428.9,-4245.6,-4101.6,-3993.4,-3918.3,-3874.1,-3859.5,-3874.1,-3918.3,-3993.4,-4101.6,-4245.6,-4428.9,-4655.3,-4927.5,-5246.3,-5607.7,-6000.2,-6401.9,-6780.1,-7093.9,-7302.6,-7376,-7302.6,-7093.9,-6780.1,-6401.9,-6000.2,-5607.7,-5246.3,-4927.5,-4655.3,-4428.9,-4245.6,-4101.6,-3993.4,-3918.3,-3874.1,-3836.7,-3851.2,-3895,-3969.3,-4076.3,-4218.8,-4400.1,-4623.8,-4892.8,-5207.6,-5564.4,-5951.6,-6347.7,-6720.4,-7029.6,-7235.2,-7307.4,-7235.2,-7029.6,-6720.4,-6347.7,-5951.6,-5564.4,-5207.6,-4892.8,-4623.8,-4400.1,-4218.8,-4076.3,-3969.3,-3895,-3851.2,-3791.9,-3806,-3848.9,-3921.8,-4026.5,-4165.9,-4343.3,-4562,-4824.6,-5131.7,-5479.3,-5856.2,-6241.4,-6603.5,-6903.6,-7103.2,-7173.3,-7103.2,-6903.6,-6603.5,-6241.4,-5856.2,-5479.3,-5131.7,-4824.6,-4562,-4343.3,-4165.9,-4026.5,-3921.8,-3848.9,-3806,-3726.2,-3739.9,-3781.5,-3852.1,-3953.6,-4088.6,-4260.2,-4471.6,-4725.1,-5021,-5355.5,-5717.6,-6087,-6433.8,-6721.1,-6912,-6979,-6912,-6721.1,-6433.8,-6087,-5717.6,-5355.5,-5021,-4725.1,-4471.6,-4260.2,-4088.6,-3953.6,-3852.1,-3781.5,-3739.9,-3641.4,-3654.6,-3694.5,-3762.3,-3859.7,-3989.1,-4153.3,-4355.4,-4597.3,-4879.2,-5197.1,-5540.5,-5890.2,-6218,-6489.1,-6669.1,-6732.3,-6669.1,-6489.1,-6218,-5890.2,-5540.5,-5197.1,-4879.2,-4597.3,-4355.4,-4153.3,-3989.1,-3859.7,-3762.3,-3694.5,-3654.6,-3539.6,-3552.1,-3590.1,-3654.6,-3747.1,-3869.9,-4025.6,-4216.7,-4445.1,-4710.6,-5009.2,-5331,-5657.9,-5963.5,-6216,-6383.4,-6442.2,-6383.4,-6216,-5963.5,-5657.9,-5331,-5009.2,-4710.6,-4445.1,-4216.7,-4025.6,-3869.9,-3747.1,-3654.6,-3590.1,-3552.1,-3423.3,-3435.2,-3471,-3531.7,-3618.8,-3734.3,-3880.3,-4059.3,-4272.7,-4520.1,-4797.5,-5095.5,-5397.3,-5678.9,-5911.1,-6064.8,-6118.7,-6064.8,-5911.1,-5678.9,-5397.3,-5095.5,-4797.5,-4520.1,-4272.7,-4059.3,-3880.3,-3734.3,-3618.8,-3531.7,-3471,-3435.2,-3295.3,-3306.3,-3339.8,-3396.5,-3477.8,-3585.3,-3721.1,-3887.2,-4084.6,-4312.7,-4567.8,-4840.7,-5116.4,-5372.8,-5583.7,-5723.2,-5772.1,-5723.2,-5583.7,-5372.8,-5116.4,-4840.7,-4567.8,-4312.7,-4084.6,-3887.2,-3721.1,-3585.3,-3477.8,-3396.5,-3339.8,-3306.3,-3158.1,-3168.3,-3199.4,-3251.9,-3327,-3426.4,-3551.6,-3704.2,-3885.2,-4093.6,-4325.7,-4573.3,-4822.4,-5053.4,-5242.9,-5368,-5411.8,-5368,-5242.9,-5053.4,-4822.4,-4573.3,-4325.7,-4093.6,-3885.2,-3704.2,-3551.6,-3426.4,-3327,-3251.9,-3199.4,-3168.3,-3014.4,-3023.8,-3052.3,-3100.6,-3169.6,-3260.6,-3375,-3514.2,-3678.7,-3867.5,-4076.8,-4299.3,-4522.2,-4728.2,-4896.8,-5007.9,-5046.7,-5007.9,-4896.8,-4728.2,-4522.2,-4299.3,-4076.8,-3867.5,-3678.7,-3514.2,-3375,-3260.6,-3169.6,-3100.6,-3052.3,-3023.8,-2866.7,-2875.3,-2901.3,-2945.3,-3008.2,-3090.9,-3194.8,-3320.7,-3469,-3638.6,-3825.9,-4024,-4221.8,-4403.9,-4552.5,-4650.2,-4684.3,-4650.2,-4552.5,-4403.9,-4221.8,-4024,-3825.9,-3638.6,-3469,-3320.7,-3194.8,-3090.9,-3008.2,-2945.3,-2901.3,-2875.3,-2717.2,-2725,-2748.6,-2788.5,-2845.4,-2920.1,-3013.7,-3126.8,-3259.5,-3410.7,-3577,-3752.1,-3926.2,-4085.9,-4215.8,-4301,-4330.7,-4301,-4215.8,-4085.9,-3926.2,-3752.1,-3577,-3410.7,-3259.5,-3126.8,-3013.7,-2920.1,-2845.4,-2788.5,-2748.6,-2725,-2568,-2575,-2596.3,-2632.2,-2683.3,-2750.4,-2834.2,-2935.1,-3053.1,-3187,-3333.6,-3487.4,-3639.5,-3778.5,-3891.2,-3965,-3990.7,-3965,-3891.2,-3778.5,-3639.5,-3487.4,-3333.6,-3187,-3053.1,-2935.1,-2834.2,-2750.4,-2683.3,-2632.2,-2596.3,-2575,-2420.7,-2427,-2446.1,-2478.3,-2523.9,-2583.8,-2658.3,-2747.8,-2852.1,-2970,-3098.5,-3232.6,-3364.7,-3484.9,-3582.1,-3645.6,-3667.7,-3645.6,-3582.1,-3484.9,-3364.7,-3232.6,-3098.5,-2970,-2852.1,-2747.8,-2658.3,-2583.8,-2523.9,-2478.3,-2446.1,-2427,-2276.9,-2282.5,-2299.5,-2328.1,-2368.7,-2421.8,-2487.7,-2566.7,-2658.4,-2761.5,-2873.5,-2989.9,-3104,-3207.4,-3290.7,-3345,-3363.9,-3345,-3290.7,-3207.4,-3104,-2989.9,-2873.5,-2761.5,-2658.4,-2566.7,-2487.7,-2421.8,-2368.7,-2328.1,-2299.5,-2282.5,-2137.5,-2142.5,-2157.6,-2182.9,-2218.8,-2265.7,-2323.7,-2393,-2473.2,-2563.1,-2660.2,-2760.6,-2858.7,-2947.2,-3018.3,-3064.6,-3080.6,-3064.6,-3018.3,-2947.2,-2858.7,-2760.6,-2660.2,-2563.1,-2473.2,-2393,-2323.7,-2265.7,-2218.8,-2182.9,-2157.6,-2142.5,-2003.5,-2007.9,-2021.2,-2043.5,-2075.2,-2116.3,-2167.2,-2227.8,-2297.6,-2375.5,-2459.3,-2545.7,-2629.6,-2705.1,-2765.5,-2804.7,-2818.3,-2804.7,-2765.5,-2705.1,-2629.6,-2545.7,-2459.3,-2375.5,-2297.6,-2227.8,-2167.2,-2116.3,-2075.2,-2043.5,-2021.2,-2007.9,-1875.5,-1879.3,-1891,-1910.6,-1938.4,-1974.4,-2018.8,-2071.5,-2132,-2199.3,-2271.4,-2345.3,-2416.9,-2481,-2532.1,-2565.2,-2576.7,-2565.2,-2532.1,-2481,-2416.9,-2345.3,-2271.4,-2199.3,-2132,-2071.5,-2018.8,-1974.4,-1938.4,-1910.6,-1891,-1879.3,-1753.8,-1757.2,-1767.4,-1784.6,-1808.8,-1840.2,-1878.8,-1924.4,-1976.7,-2034.6,-2096.4,-2159.5,-2220.3,-2274.6,-2317.7,-2345.6,-2355.2,-2345.6,-2317.7,-2274.6,-2220.3,-2159.5,-2096.4,-2034.6,-1976.7,-1924.4,-1878.8,-1840.2,-1808.8,-1784.6,-1767.4,-1757.2,-1638.8,-1641.8,-1650.7,-1665.6,-1686.6,-1713.9,-1747.3,-1786.7,-1831.7,-1881.4,-1934.1,-1987.8,-2039.3,-2085.2,-2121.5,-2144.9,-2153,-2144.9,-2121.5,-2085.2,-2039.3,-1987.8,-1934.1,-1881.4,-1831.7,-1786.7,-1747.3,-1713.9,-1686.6,-1665.6,-1650.7,-1641.8,-1530.4,-1533,-1540.7,-1553.7,-1571.9,-1595.5,-1624.3,-1658.3,-1696.9,-1739.3,-1784.2,-1829.8,-1873.3,-1911.9,-1942.4,-1962,-1968.8,-1962,-1942.4,-1911.9,-1873.3,-1829.8,-1784.2,-1739.3,-1696.9,-1658.3,-1624.3,-1595.5,-1571.9,-1553.7,-1540.7,-1533,-1428.7,-1431,-1437.7,-1448.8,-1464.6,-1484.9,-1509.7,-1538.8,-1571.8,-1608,-1646.1,-1684.6,-1721.3,-1753.8,-1779.3,-1795.8,-1801.4,-1795.8,-1779.3,-1753.8,-1721.3,-1684.6,-1646.1,-1608,-1571.8,-1538.8,-1509.7,-1484.9,-1464.6,-1448.8,-1437.7,-1431,-1333.5,-1335.5,-1341.2,-1350.9,-1364.4,-1381.8,-1403.1,-1428,-1456.1,-1486.8,-1519.1,-1551.6,-1582.5,-1609.7,-1631.1,-1644.8,-1649.5,-1644.8,-1631.1,-1609.7,-1582.5,-1551.6,-1519.1,-1486.8,-1456.1,-1428,-1403.1,-1381.8,-1364.4,-1350.9,-1341.2,-1335.5,-1244.6,-1246.3,-1251.2,-1259.5,-1271.1,-1286,-1304.2,-1325.4,-1349.3,-1375.3,-1402.6,-1429.9,-1455.8,-1478.6,-1496.4,-1507.8,-1511.8,-1507.8,-1496.4,-1478.6,-1455.8,-1429.9,-1402.6,-1375.3,-1349.3,-1325.4,-1304.2,-1286,-1271.1,-1259.5,-1251.2,-1246.3,-1161.8,-1163.2,-1167.4,-1174.5,-1184.4,-1197.1,-1212.6,-1230.6,-1250.8,-1272.8,-1295.8,-1318.7,-1340.4,-1359.4,-1374.2,-1383.7,-1387,-1383.7,-1374.2,-1359.4,-1340.4,-1318.7,-1295.8,-1272.8,-1250.8,-1230.6,-1212.6,-1197.1,-1184.4,-1174.5,-1167.4,-1163.2,-1084.7,-1085.9,-1089.5,-1095.5,-1103.9,-1114.7,-1127.8,-1143,-1160.1,-1178.6,-1197.9,-1217.1,-1235.2,-1251,-1263.4,-1271.2,-1273.9,-1271.2,-1263.4,-1251,-1235.2,-1217.1,-1197.9,-1178.6,-1160.1,-1143,-1127.8,-1114.7,-1103.9,-1095.5,-1089.5,-1085.9,-1013,-1014.1,-1017.1,-1022.2,-1029.3,-1038.5,-1049.5,-1062.3,-1076.7,-1092.2,-1108.3,-1124.4,-1139.4,-1152.5,-1162.8,-1169.3,-1171.5,-1169.3,-1162.8,-1152.5,-1139.4,-1124.4,-1108.3,-1092.2,-1076.7,-1062.3,-1049.5,-1038.5,-1029.3,-1022.2,-1017.1,-1014.1,-946.51,-947.37,-949.95,-954.24,-960.24,-967.91,-977.19,-987.95,-999.97,-1012.9,-1026.4,-1039.7,-1052.2,-1063,-1071.5,-1076.9,-1078.7,-1076.9,-1071.5,-1063,-1052.2,-1039.7,-1026.4,-1012.9,-999.97,-987.95,-977.19,-967.91,-960.24,-954.24,-949.95,-947.37,-884.79,-885.51,-887.67,-891.27,-896.29,-902.7,-910.45,-919.42,-929.43,-940.2,-951.35,-962.38,-972.69,-981.64,-988.6,-993.02,-994.54,-993.02,-988.6,-981.64,-972.69,-962.38,-951.35,-940.2,-929.43,-919.42,-910.45,-902.7,-896.29,-891.27,-887.67,-885.51,-827.56,-828.16,-829.95,-832.94,-837.11,-842.44,-848.87,-856.31,-864.6,-873.5,-882.69,-891.77,-900.25,-907.59,-913.3,-916.91,-918.16,-916.91,-913.3,-907.59,-900.25,-891.77,-882.69,-873.5,-864.6,-856.31,-848.87,-842.44,-837.11,-832.94,-829.95,-828.16,-774.5,-774.99,-776.47,-778.94,-782.38,-786.77,-792.06,-798.18,-804.99,-812.29,-819.83,-827.26,-834.18,-840.18,-844.82,-847.77,-848.78,-847.77,-844.82,-840.18,-834.18,-827.26,-819.83,-812.29,-804.99,-798.18,-792.06,-786.77,-782.38,-778.94,-776.47,-774.99,-725.31,-725.72,-726.93,-728.94,-731.74,-735.32,-739.64,-744.63,-750.17,-756.12,-762.24,-768.28,-773.89,-778.75,-782.51,-784.89,-785.71,-784.89,-782.51,-778.75,-773.89,-768.28,-762.24,-756.12,-750.17,-744.63,-739.64,-735.32,-731.74,-728.94,-726.93,-725.72
-721.07,-721.5,-722.79,-724.95,-727.97,-731.86,-736.57,-742.05,-748.2,-754.85,-761.77,-768.63,-775.08,-780.69,-785.06,-787.84,-788.79,-787.84,-785.06,-780.69,-775.08,-768.63,-761.77,-754.85,-748.2,-742.05,-736.57,-731.86,-727.97,-724.95,-722.79,-721.5,-769.45,-769.98,-771.56,-774.21,-777.92,-782.68,-788.46,-795.18,-802.73,-810.91,-819.41,-827.87,-835.82,-842.75,-848.16,-851.6,-852.78,-851.6,-848.16,-842.75,-835.82,-827.87,-819.41,-810.91,-802.73,-795.18,-788.46,-782.68,-777.92,-774.21,-771.56,-769.98,-821.59,-822.23,-824.15,-827.36,-831.86,-837.63,-844.65,-852.83,-862.01,-871.97,-882.35,-892.69,-902.43,-910.93,-917.57,-921.8,-923.26,-921.8,-917.57,-910.93,-902.43,-892.69,-882.35,-871.97,-862.01,-852.83,-844.65,-837.63,-831.86,-827.36,-824.15,-822.23,-877.77,-878.53,-880.84,-884.7,-890.11,-897.06,-905.51,-915.37,-926.46,-938.51,-951.1,-963.66,-975.52,-985.89,-994,-999.18,-1001,-999.18,-994,-985.89,-975.52,-963.66,-951.1,-938.51,-926.46,-915.37,-905.51,-897.06,-890.11,-884.7,-880.84,-878.53,-938.27,-939.18,-941.94,-946.54,-953,-961.3,-971.41,-983.23,-996.55,-1011,-1026.2,-1041.4,-1055.8,-1068.4,-1078.2,-1084.5,-1086.7,-1084.5,-1078.2,-1068.4,-1055.8,-1041.4,-1026.2,-1011,-996.55,-983.23,-971.41,-961.3,-953,-946.54,-941.94,-939.18,-1003.4,-1004.5,-1007.7,-1013.2,-1020.9,-1030.7,-1042.8,-1056.8,-1072.8,-1090.1,-1108.3,-1126.6,-1143.9,-1159.2,-1171.1,-1178.8,-1181.4,-1178.8,-1171.1,-1159.2,-1143.9,-1126.6,-1108.3,-1090.1,-1072.8,-1056.8,-1042.8,-1030.7,-1020.9,-1013.2,-1007.7,-1004.5,-1073.4,-1074.7,-1078.6,-1085,-1094.1,-1105.7,-1120,-1136.7,-1155.6,-1176.3,-1198,-1220,-1240.8,-1259.2,-1273.6,-1282.9,-1286.1,-1282.9,-1273.6,-1259.2,-1240.8,-1220,-1198,-1176.3,-1155.6,-1136.7,-1120,-1105.7,-1094.1,-1085,-1078.6,-1074.7,-1148.7,-1150.2,-1154.7,-1162.3,-1172.9,-1186.6,-1203.4,-1223.2,-1245.6,-1270.1,-1296.1,-1322.3,-1347.3,-1369.4,-1386.8,-1398,-1401.8,-1398,-1386.8,-1369.4,-1347.3,-1322.3,-1296.1,-1270.1,-1245.6,-1223.2,-1203.4,-1186.6,-1172.9,-1162.3,-1154.7,-1150.2,-1229.5,-1231.2,-1236.5,-1245.3,-1257.8,-1273.8,-1293.6,-1316.8,-1343.2,-1372.3,-1403.1,-1434.3,-1464.2,-1490.8,-1511.7,-1525.2,-1529.9,-1525.2,-1511.7,-1490.8,-1464.2,-1434.3,-1403.1,-1372.3,-1343.2,-1316.8,-1293.6,-1273.8,-1257.8,-1245.3,-1236.5,-1231.2,-1316,-1318.1,-1324.2,-1334.5,-1349,-1367.7,-1390.8,-1418,-1449.1,-1483.4,-1519.9,-1557,-1592.7,-1624.4,-1649.6,-1665.8,-1671.4,-1665.8,-1649.6,-1624.4,-1592.7,-1557,-1519.9,-1483.4,-1449.1,-1418,-1390.8,-1367.7,-1349,-1334.5,-1324.2,-1318.1,-1408.6,-1410.9,-1418,-1429.9,-1446.7,-1468.6,-1495.4,-1527.2,-1563.7,-1604,-1647.1,-1691.2,-1733.6,-1771.6,-1801.7,-1821.2,-1827.9,-1821.2,-1801.7,-1771.6,-1733.6,-1691.2,-1647.1,-1604,-1563.7,-1527.2,-1495.4,-1468.6,-1446.7,-1429.9,-1418,-1410.9,-1507.2,-1510,-1518.1,-1531.9,-1551.3,-1576.6,-1607.8,-1644.9,-1687.4,-1734.8,-1785.6,-1837.6,-1888.1,-1933.3,-1969.3,-1992.7,-2000.8,-1992.7,-1969.3,-1933.3,-1888.1,-1837.6,-1785.6,-1734.8,-1687.4,-1644.9,-1607.8,-1576.6,-1551.3,-1531.9,-1518.1,-1510,-1612.2,-1615.3,-1624.7,-1640.6,-1663,-1692.1,-1728.2,-1771.2,-1820.8,-1876.2,-1935.8,-1997.2,-2057,-2110.7,-2153.8,-2181.7,-2191.4,-2181.7,-2153.8,-2110.7,-2057,-1997.2,-1935.8,-1876.2,-1820.8,-1771.2,-1728.2,-1692.1,-1663,-1640.6,-1624.7,-1615.3,-1723.4,-1727,-1737.8,-1755.9,-1781.6,-1815.2,-1856.8,-1906.5,-1964.1,-2028.6,-2098.4,-2170.7,-2241.3,-2305.1,-2356.3,-2389.6,-2401.2,-2389.6,-2356.3,-2305.1,-2241.3,-2170.7,-2098.4,-2028.6,-1964.1,-1906.5,-1856.8,-1815.2,-1781.6,-1755.9,-1737.8,-1727,-1840.8,-1844.9,-1857.2,-1877.9,-1907.3,-1945.8,-1993.6,-2050.9,-2117.4,-2192.4,-2273.9,-2358.6,-2441.7,-2517.2,-2578.1,-2617.7,-2631.5,-2617.7,-2578.1,-2517.2,-2441.7,-2358.6,-2273.9,-2192.4,-2117.4,-2050.9,-1993.6,-1945.8,-1907.3,-1877.9,-1857.2,-1844.9,-1964.2,-1968.8,-1982.8,-2006.3,-2039.8,-2083.6,-2138.3,-2204.1,-2280.8,-2367.6,-2462.3,-2561.3,-2658.9,-2748,-2820,-2867.1,-2883.5,-2867.1,-2820,-2748,-2658.9,-2561.3,-2462.3,-2367.6,-2280.8,-2204.1,-2138.3,-2083.6,-2039.8,-2006.3,-1982.8,-1968.8,-2093,-2098.3,-2114.1,-2140.7,-2178.6,-2228.5,-2290.8,-2365.9,-2453.9,-2553.9,-2663.6,-2778.9,-2893.1,-2997.8,-3082.8,-3138.5,-3157.9,-3138.5,-3082.8,-2997.8,-2893.1,-2778.9,-2663.6,-2553.9,-2453.9,-2365.9,-2290.8,-2228.5,-2178.6,-2140.7,-2114.1,-2098.3,-2226.8,-2232.7,-2250.5,-2280.5,-2323.3,-2379.6,-2450.2,-2535.8,-2636.3,-2751,-2877.5,-3011,-3144.2,-3266.7,-3366.5,-3432.2,-3455.1,-3432.2,-3366.5,-3266.7,-3144.2,-3011,-2877.5,-2751,-2636.3,-2535.8,-2450.2,-2379.6,-2323.3,-2280.5,-2250.5,-2232.7,-2364.6,-2371.2,-2391.1,-2424.8,-2472.8,-2536.2,-2615.9,-2712.7,-2826.9,-2957.8,-3103,-3257,-3411.4,-3554,-3670.8,-3747.8,-3774.7,-3747.8,-3670.8,-3554,-3411.4,-3257,-3103,-2957.8,-2826.9,-2712.7,-2615.9,-2536.2,-2472.8,-2424.8,-2391.1,-2371.2,-2505.4,-2512.8,-2534.9,-2572.4,-2626.1,-2697,-2786.4,-2895.3,-3024.4,-3173.1,-3338.7,-3515.4,-3693.4,-3858.6,-3994.4,-4084.1,-4115.5,-4084.1,-3994.4,-3858.6,-3693.4,-3515.4,-3338.7,-3173.1,-3024.4,-2895.3,-2786.4,-2697,-2626.1,-2572.4,-2534.9,-2512.8,-2647.8,-2655.9,-2680.5,-2722.1,-2781.7,-2860.5,-2960.2,-3082.1,-3227.1,-3394.9,-3582.7,-3784.1,-3988,-4178.2,-4335,-4438.9,-4475.4,-4438.9,-4335,-4178.2,-3988,-3784.1,-3582.7,-3394.9,-3227.1,-3082.1,-2960.2,-2860.5,-2781.7,-2722.1,-2680.5,-2655.9,-2790.2,-2799.2,-2826.2,-2872,-2937.7,-3024.9,-3135.3,-3270.8,-3432.6,-3620.7,-3832.2,-4060.2,-4292.2,-4509.4,-4689.3,-4808.8,-4850.7,-4808.8,-4689.3,-4509.4,-4292.2,-4060.2,-3832.2,-3620.7,-3432.6,-3270.8,-3135.3,-3024.9,-2937.7,-2872,-2826.2,-2799.2,-2930.7,-2940.5,-2970,-3020.1,-3092.1,-3187.8,-3309.3,-3458.9,-3638.2,-3847.4,-4083.8,-4339.9,-4601.7,-4847.9,-5052.4,-5188.6,-5236.5,-5188.6,-5052.4,-4847.9,-4601.7,-4339.9,-4083.8,-3847.4,-3638.2,-3458.9,-3309.3,-3187.8,-3092.1,-3020.1,-2970,-2940.5,-3067.1,-3077.7,-3109.8,-3164.2,-3242.5,-3346.8,-3479.5,-3643.3,-3840.3,-4071.2,-4333.3,-4618.6,-4911.4,-5187.9,-5418.3,-5572.1,-5626.2,-5572.1,-5418.3,-5187.9,-4911.4,-4618.6,-4333.3,-4071.2,-3840.3,-3643.3,-3479.5,-3346.8,-3242.5,-3164.2,-3109.8,-3077.7,-3197.2,-3208.6,-3243.1,-3301.8,-3386.3,-3499,-3642.8,-3820.7,-4035.5,-4288,-4576,-4890.6,-5215,-5522.6,-5779.5,-5951.3,-6011.8,-5951.3,-5779.5,-5522.6,-5215,-4890.6,-4576,-4288,-4035.5,-3820.7,-3642.8,-3499,-3386.3,-3301.8,-3243.1,-3208.6,-3318.4,-3330.6,-3367.5,-3430.2,-3520.6,-3641.4,-3795.9,-3987.4,-4219.4,-4493.1,-4806.3,-5150,-5505.6,-5843.8,-6127.1,-6316.8,-6383.8,-6316.8,-6127.1,-5843.8,-5505.6,-5150,-4806.3,-4493.1,-4219.4,-3987.4,-3795.9,-3641.4,-3520.6,-3430.2,-3367.5,-3330.6,-3428.3,-3441.2,-3480.3,-3546.7,-3642.7,-3771.1,-3935.4,-4139.7,-4387.8,-4681.4,-5018.6,-5389.8,-5775.2,-6142.9,-6451.5,-6658.5,-6731.5,-6658.5,-6451.5,-6142.9,-5775.2,-5389.8,-5018.6,-4681.4,-4387.8,-4139.7,-3935.4,-3771.1,-3642.7,-3546.7,-3480.3,-3441.2,-3524.4,-3537.9,-3579,-3648.8,-3749.7,-3884.8,-4058,-4273.8,-4536.4,-4848.1,-5207,-5603.4,-6016,-6410.7,-6742.5,-6965.4,-7044,-6965.4,-6742.5,-6410.7,-6016,-5603.4,-5207,-4848.1,-4536.4,-4273.8,-4058,-3884.8,-3749.7,-3648.8,-3579,-3537.9,-3604.4,-3618.5,-3661.2,-3733.8,-3838.9,-3979.7,-4160.5,-4386.1,-4661.1,-4988.2,-5365.8,-5783.9,-6220.1,-6638.1,-6990.1,-7226.7,-7310.3,-7226.7,-6990.1,-6638.1,-6220.1,-5783.9,-5365.8,-4988.2,-4661.1,-4386.1,-4160.5,-3979.7,-3838.9,-3733.8,-3661.2,-3618.5,-3666.4,-3680.9,-3724.8,-3799.7,-3908,-4053.3,-4240.1,-4473.4,-4758.2,-5097.5,-5489.9,-5925.3,-6380.3,-6817,-7185.1,-7432.7,-7520.2,-7432.7,-7185.1,-6817,-6380.3,-5925.3,-5489.9,-5097.5,-4758.2,-4473.4,-4240.1,-4053.3,-3908,-3799.7,-3724.8,-3680.9,-3708.6,-3723.4,-3768.2,-3844.7,-3955.2,-4103.6,-4294.5,-4533.1,-4824.7,-5172.5,-5575.2,-6022.6,-6490.7,-6940.4,-7319.8,-7575.1,-7665.3,-7575.1,-7319.8,-6940.4,-6490.7,-6022.6,-5575.2,-5172.5,-4824.7,-4533.1,-4294.5,-4103.6,-3955.2,-3844.7,-3768.2,-3723.4,-3730,-3745,-3790.3,-3867.5,-3979.2,-4129.2,-4322.1,-4563.4,-4858.5,-5210.6,-5618.7,-6072.1,-6547.1,-7003.4,-7388.6,-7647.8,-7739.4,-7647.8,-7388.6,-7003.4,-6547.1,-6072.1,-5618.7,-5210.6,-4858.5,-4563.4,-4322.1,-4129.2,-3979.2,-3867.5,-3790.3,-3745,-3730,-3745,-3790.3,-3867.5,-3979.2,-4129.2,-4322.1,-4563.4,-4858.5,-5210.6,-5618.7,-6072.1,-6547.1,-7003.4,-7388.6,-7647.8,-7739.4,-7647.8,-7388.6,-7003.4,-6547.1,-6072.1,-5618.7,-5210.6,-4858.5,-4563.4,-4322.1,-4129.2,-3979.2,-3867.5,-3790.3,-3745,-3708.6,-3723.4,-3768.2,-3844.7,-3955.2,-4103.6,-4294.5,-4533.1,-4824.7,-5172.5,-5575.2,-6022.6,-6490.7,-6940.4,-7319.8,-7575.1,-7665.3,-7575.1,-7319.8,-6940.4,-6490.7,-6022.6,-5575.2,-5172.5,-4824.7,-4533.1,-4294.5,-4103.6,-3955.2,-3844.7,-3768.2,-3723.4,-3666.4,-3680.9,-3724.8,-3799.7,-3908,-4053.3,-4240.1,-4473.4,-4758.2,-5097.5,-5489.9,-5925.3,-6380.3,-6817,-7185.1,-7432.7,-7520.2,-7432.7,-7185.1,-6817,-6380.3,-5925.3,-5489.9,-5097.5,-4758.2,-4473.4,-4240.1,-4053.3,-3908,-3799.7,-3724.8,-3680.9,-3604.4,-3618.5,-3661.2,-3733.8,-3838.9,-3979.7,-4160.5,-4386.1,-4661.1,-4988.2,-5365.8,-5783.9,-6220.1,-6638.1,-6990.1,-7226.7,-7310.3,-7226.7,-6990.1,-6638.1,-6220.1,-5783.9,-5365.8,-4988.2,-4661.1,-4386.1,-4160.5,-3979.7,-3838.9,-3733.8,-3661.2,-3618.5,-3524.4,-3537.9,-3579,-3648.8,-3749.7,-3884.8,-4058,-4273.8,-4536.4,-4848.1,-5207,-5603.4,-6016,-6410.7,-6742.5,-6965.4,-7044,-6965.4,-6742.5,-6410.7,-6016,-5603.4,-5207,-4848.1,-4536.4,-4273.8,-4058,-3884.8,-3749.7,-3648.8,-3579,-3537.9,-3428.3,-3441.2,-3480.3,-3546.7,-3642.7,-3771.1,-3935.4,-4139.7,-4387.8,-4681.4,-5018.6,-5389.8,-5775.2,-6142.9,-6451.5,-6658.5,-6731.5,-6658.5,-6451.5,-6142.9,-5775.2,-5389.8,-5018.6,-4681.4,-4387.8,-4139.7,-3935.4,-3771.1,-3642.7,-3546.7,-3480.3,-3441.2,-3318.4,-3330.6,-3367.5,-3430.2,-3520.6,-3641.4,-3795.9,-3987.4,-4219.4,-4493.1,-4806.3,-5150,-5505.6,-5843.8,-6127.1,-6316.8,-6383.8,-6316.8,-6127.1,-5843.8,-5505.6,-5150,-4806.3,-4493.1,-4219.4,-3987.4,-3795.9,-3641.4,-3520.6,-3430.2,-3367.5,-3330.6,-3197.2,-3208.6,-3243.1,-3301.8,-3386.3,-3499,-3642.8,-3820.7,-4035.5,-4288,-4576,-4890.6,-5215,-5522.6,-5779.5,-5951.3,-6011.8,-5951.3,-5779.5,-5522.6,-5215,-4890.6,-4576,-4288,-4035.5,-3820.7,-3642.8,-3499,-3386.3,-3301.8,-3243.1,-3208.6,-3067.1,-3077.7,-3109.8,-3164.2,-3242.5,-3346.8,-3479.5,-3643.3,-3840.3,-4071.2,-4333.3,-4618.6,-4911.4,-5187.9,-5418.3,-5572.1,-5626.2,-5572.1,-5418.3,-5187.9,-4911.4,-4618.6,-4333.3,-4071.2,-3840.3,-3643.3,-3479.5,-3346.8,-3242.5,-3164.2,-3109.8,-3077.7,-2930.7,-2940.5,-2970,-3020.1,-3092.1,-3187.8,-3309.3,-3458.9,-3638.2,-3847.4,-4083.8,-4339.9,-4601.7,-4847.9,-5052.4,-5188.6,-5236.5,-5188.6,-5052.4,-4847.9,-4601.7,-4339.9,-4083.8,-3847.4,-3638.2,-3458.9,-3309.3,-3187.8,-3092.1,-3020.1,-2970,-2940.5,-2790.2,-2799.2,-2826.2,-2872,-2937.7,-3024.9,-3135.3,-3270.8,-3432.6,-3620.7,-3832.2,-4060.2,-4292.2,-4509.4,-4689.3,-4808.8,-4850.7,-4808.8,-4689.3,-4509.4,-4292.2,-4060.2,-3832.2,-3620.7,-3432.6,-3270.8,-3135.3,-3024.9,-2937.7,-2872,-2826.2,-2799.2,-2647.8,-2655.9,-2680.5,-2722.1,-2781.7,-2860.5,-2960.2,-3082.1,-3227.1,-3394.9,-3582.7,-3784.1,-3988,-4178.2,-4335,-4438.9,-4475.4,-4438.9,-4335,-4178.2,-3988,-3784.1,-3582.7,-3394.9,-3227.1,-3082.1,-2960.2,-2860.5,-2781.7,-2722.1,-2680.5,-2655.9,-2505.4,-2512.8,-2534.9,-2572.4,-2626.1,-2697,-2786.4,-2895.3,-3024.4,-3173.1,-3338.7,-3515.4,-3693.4,-3858.6,-3994.4,-4084.1,-4115.5,-4084.1,-3994.4,-3858.6,-3693.4,-3515.4,-3338.7,-3173.1,-3024.4,-2895.3,-2786.4,-2697,-2626.1,-2572.4,-2534.9,-2512.8,-2364.6,-2371.2,-2391.1,-2424.8,-2472.8,-2536.2,-2615.9,-2712.7,-2826.9,-2957.8,-3103,-3257,-3411.4,-3554,-3670.8,-3747.8,-3774.7,-3747.8,-3670.8,-3554,-3411.4,-3257,-3103,-2957.8,-2826.9,-2712.7,-2615.9,-2536.2,-2472.8,-2424.8,-2391.1,-2371.2,-2226.8,-2232.7,-2250.5,-2280.5,-2323.3,-2379.6,-2450.2,-2535.8,-2636.3,-2751,-2877.5,-3011,-3144.2,-3266.7,-3366.5,-3432.2,-3455.1,-3432.2,-3366.5,-3266.7,-3144.2,-3011,-2877.5,-2751,-2636.3,-2535.8,-2450.2,-2379.6,-2323.3,-2280.5,-2250.5,-2232.7,-2093,-2098.3,-2114.1,-2140.7,-2178.6,-2228.5,-2290.8,-2365.9,-2453.9,-2553.9,-2663.6,-2778.9,-2893.1,-2997.8,-3082.8,-3138.5,-3157.9,-3138.5,-3082.8,-2997.8,-2893.1,-2778.9,-2663.6,-2553.9,-2453.9,-2365.9,-2290.8,-2228.5,-2178.6,-2140.7,-2114.1,-2098.3,-1964.2,-1968.8,-1982.8,-2006.3,-2039.8,-2083.6,-2138.3,-2204.1,-2280.8,-2367.6,-2462.3,-2561.3,-2658.9,-2748,-2820,-2867.1,-2883.5,-2867.1,-2820,-2748,-2658.9,-2561.3,-2462.3,-2367.6,-2280.8,-2204.1,-2138.3,-2083.6,-2039.8,-2006.3,-1982.8,-1968.8,-1840.8,-1844.9,-1857.2,-1877.9,-1907.3,-1945.8,-1993.6,-2050.9,-2117.4,-2192.4,-2273.9,-2358.6,-2441.7,-2517.2,-2578.1,-2617.7,-2631.5,-2617.7,-2578.1,-2517.2,-2441.7,-2358.6,-2273.9,-2192.4,-2117.4,-2050.9,-1993.6,-1945.8,-1907.3,-1877.9,-1857.2,-1844.9,-1723.4,-1727,-1737.8,-1755.9,-1781.6,-1815.2,-1856.8,-1906.5,-1964.1,-2028.6,-2098.4,-2170.7,-2241.3,-2305.1,-2356.3,-2389.6,-2401.2,-2389.6,-2356.3,-2305.1,-2241.3,-2170.7,-2098.4,-2028.6,-1964.1,-1906.5,-1856.8,-1815.2,-1781.6,-1755.9,-1737.8,-1727,-1612.2,-1615.3,-1624.7,-1640.6,-1663,-1692.1,-1728.2,-1771.2,-1820.8,-1876.2,-1935.8,-1997.2,-2057,-2110.7,-2153.8,-2181.7,-2191.4,-2181.7,-2153.8,-2110.7,-2057,-1997.2,-1935.8,-1876.2,-1820.8,-1771.2,-1728.2,-1692.1,-1663,-1640.6,-1624.7,-1615.3,-1507.2,-1510,-1518.1,-1531.9,-1551.3,-1576.6,-1607.8,-1644.9,-1687.4,-1734.8,-1785.6,-1837.6,-1888.1,-1933.3,-1969.3,-1992.7,-2000.8,-1992.7,-1969.3,-1933.3,-1888.1,-1837.6,-1785.6,-1734.8,-1687.4,-1644.9,-1607.8,-1576.6,-1551.3,-1531.9,-1518.1,-1510,-1408.6,-1410.9,-1418,-1429.9,-1446.7,-1468.6,-1495.4,-1527.2,-1563.7,-1604,-1647.1,-1691.2,-1733.6,-1771.6,-1801.7,-1821.2,-1827.9,-1821.2,-1801.7,-1771.6,-1733.6,-1691.2,-1647.1,-1604,-1563.7,-1527.2,-1495.4,-1468.6,-1446.7,-1429.9,-1418,-1410.9,-1316,-1318.1,-1324.2,-1334.5,-1349,-1367.7,-1390.8,-1418,-1449.1,-1483.4,-1519.9,-1557,-1592.7,-1624.4,-1649.6,-1665.8,-1671.4,-1665.8,-1649.6,-1624.4,-1592.7,-1557,-1519.9,-1483.4,-1449.1,-1418,-1390.8,-1367.7,-1349,-1334.5,-1324.2,-1318.1,-1229.5,-1231.2,-1236.5,-1245.3,-1257.8,-1273.8,-1293.6,-1316.8,-1343.2,-1372.3,-1403.1,-1434.3,-1464.2,-1490.8,-1511.7,-1525.2,-1529.9,-1525.2,-1511.7,-1490.8,-1464.2,-1434.3,-1403.1,-1372.3,-1343.2,-1316.8,-1293.6,-1273.8,-1257.8,-1245.3,-1236.5,-1231.2,-1148.7,-1150.2,-1154.7,-1162.3,-1172.9,-1186.6,-1203.4,-1223.2,-1245.6,-1270.1,-1296.1,-1322.3,-1347.3,-1369.4,-1386.8,-1398,-1401.8,-1398,-1386.8,-1369.4,-1347.3,-1322.3,-1296.1,-1270.1,-1245.6,-1223.2,-1203.4,-1186.6,-1172.9,-1162.3,-1154.7,-1150.2,-1073.4,-1074.7,-1078.6,-1085,-1094.1,-1105.7,-1120,-1136.7,-1155.6,-1176.3,-1198,-1220,-1240.8,-1259.2,-1273.6,-1282.9,-1286.1,-1282.9,-1273.6,-1259.2,-1240.8,-1220,-1198,-1176.3,-1155.6,-1136.7,-1120,-1105.7,-1094.1,-1085,-1078.6,-1074.7,-1003.4,-1004.5,-1007.7,-1013.2,-1020.9,-1030.7,-1042.8,-1056.8,-1072.8,-1090.1,-1108.3,-1126.6,-1143.9,-1159.2,-1171.1,-1178.8,-1181.4,-1178.8,-1171.1,-1159.2,-1143.9,-1126.6,-1108.3,-1090.1,-1072.8,-1056.8,-1042.8,-1030.7,-1020.9,-1013.2,-1007.7,-1004.5,-938.27,-939.18,-941.94,-946.54,-953,-961.3,-971.41,-983.23,-996.55,-1011,-1026.2,-1041.4,-1055.8,-1068.4,-1078.2,-1084.5,-1086.7,-1084.5,-1078.2,-1068.4,-1055.8,-1041.4,-1026.2,-1011,-996.55,-983.23,-971.41,-961.3,-953,-946.54,-941.94,-939.18,-877.77,-878.53,-880.84,-884.7,-890.11,-897.06,-905.51,-915.37,-926.46,-938.51,-951.1,-963.66,-975.52,-985.89,-994,-999.18,-1001,-999.18,-994,-985.89,-975.52,-963.66,-951.1,-938.51,-926.46,-915.37,-905.51,-897.06,-890.11,-884.7,-880.84,-878.53,-821.59,-822.23,-824.15,-827.36,-831.86,-837.63,-844.65,-852.83,-862.01,-871.97,-882.35,-892.69,-902.43,-910.93,-917.57,-921.8,-923.26,-921.8,-917.57,-910.93,-902.43,-892.69,-882.35,-871.97,-862.01,-852.83,-844.65,-837.63,-831.86,-827.36,-824.15,-822.23,-769.45,-769.98,-771.56,-774.21,-777.92,-782.68,-788.46,-795.18,-802.73,-810.91,-819.41,-827.87,-835.82,-842.75,-848.16,-851.6,-852.78,-851.6,-848.16,-842.75,-835.82,-827.87,-819.41,-810.91,-802.73,-795.18,-788.46,-782.68,-777.92,-774.21,-771.56,-769.98,-721.07,-721.5,-722.79,-724.95,-727.97,-731.86,-736.57,-742.05,-748.2,-754.85,-761.77,-768.63,-775.08,-780.69,-785.06,-787.84,-788.79,-787.84,-785.06,-780.69,-775.08,-768.63,-761.77,-754.85,-748.2,-742.05,-736.57,-731.86,-727.97,-724.95,-722.79,-721.5
-716.79,-717.24,-718.61,-720.89,-724.11,-728.26,-733.34,-739.29,-746.01,-753.35,-761.05,-768.76,-776.06,-782.46,-787.47,-790.67,-791.77,-790.67,-787.47,-782.46,-776.06,-768.76,-761.05,-753.35,-746.01,-739.29,-733.34,-728.26,-724.11,-720.89,-718.61,-717.24,-764.38,-764.94,-766.61,-769.41,-773.36,-778.45,-784.67,-791.97,-800.23,-809.24,-818.72,-828.22,-837.23,-845.14,-851.34,-855.31,-856.67,-855.31,-851.34,-845.14,-837.23,-828.22,-818.72,-809.24,-800.23,-791.97,-784.67,-778.45,-773.36,-769.41,-766.61,-764.94,-815.61,-816.28,-818.31,-821.71,-826.5,-832.67,-840.22,-849.09,-859.14,-870.13,-881.69,-893.31,-904.35,-914.06,-921.69,-926.57,-928.25,-926.57,-921.69,-914.06,-904.35,-893.31,-881.69,-870.13,-859.14,-849.09,-840.22,-832.67,-826.5,-821.71,-818.31,-816.28,-870.74,-871.55,-873.99,-878.07,-883.82,-891.25,-900.34,-911.03,-923.16,-936.46,-950.48,-964.6,-978.05,-989.91,-999.24,-1005.2,-1007.3,-1005.2,-999.24,-989.91,-978.05,-964.6,-950.48,-936.46,-923.16,-911.03,-900.34,-891.25,-883.82,-878.07,-873.99,-871.55,-930.05,-931.02,-933.92,-938.79,-945.65,-954.52,-965.39,-978.2,-992.75,-1008.7,-1025.6,-1042.7,-1059,-1073.4,-1084.8,-1092.1,-1094.6,-1092.1,-1084.8,-1073.4,-1059,-1042.7,-1025.6,-1008.7,-992.75,-978.2,-965.39,-954.52,-945.65,-938.79,-933.92,-931.02,-993.81,-994.95,-998.39,-1004.2,-1012.3,-1022.8,-1035.8,-1051,-1068.4,-1087.5,-1107.8,-1128.4,-1148.1,-1165.5,-1179.3,-1188.2,-1191.3,-1188.2,-1179.3,-1165.5,-1148.1,-1128.4,-1107.8,-1087.5,-1068.4,-1051,-1035.8,-1022.8,-1012.3,-1004.2,-998.39,-994.95,-1062.3,-1063.6,-1067.7,-1074.5,-1084.1,-1096.5,-1111.8,-1129.9,-1150.5,-1173.3,-1197.6,-1222.3,-1246,-1267.1,-1283.8,-1294.5,-1298.2,-1294.5,-1283.8,-1267.1,-1246,-1222.3,-1197.6,-1173.3,-1150.5,-1129.9,-1111.8,-1096.5,-1084.1,-1074.5,-1067.7,-1063.6,-1135.8,-1137.4,-1142.1,-1150.1,-1161.3,-1176,-1194,-1215.3,-1239.7,-1266.8,-1295.7,-1325.2,-1353.7,-1379.1,-1399.2,-1412.3,-1416.8,-1412.3,-1399.2,-1379.1,-1353.7,-1325.2,-1295.7,-1266.8,-1239.7,-1215.3,-1194,-1176,-1161.3,-1150.1,-1142.1,-1137.4,-1214.5,-1216.4,-1221.9,-1231.2,-1244.4,-1261.5,-1282.6,-1307.6,-1336.5,-1368.5,-1402.9,-1438.1,-1472.1,-1502.6,-1526.9,-1542.6,-1548.1,-1542.6,-1526.9,-1502.6,-1472.1,-1438.1,-1402.9,-1368.5,-1336.5,-1307.6,-1282.6,-1261.5,-1244.4,-1231.2,-1221.9,-1216.4,-1298.8,-1300.9,-1307.3,-1318.1,-1333.4,-1353.4,-1378,-1407.4,-1441.3,-1479.1,-1519.8,-1561.6,-1602.3,-1638.8,-1668.1,-1687,-1693.6,-1687,-1668.1,-1638.8,-1602.3,-1561.6,-1519.8,-1479.1,-1441.3,-1407.4,-1378,-1353.4,-1333.4,-1318.1,-1307.3,-1300.9,-1388.7,-1391.2,-1398.6,-1411.1,-1428.9,-1452,-1480.7,-1515,-1554.6,-1599.1,-1647.1,-1696.8,-1745.2,-1789,-1824.1,-1846.9,-1854.8,-1846.9,-1824.1,-1789,-1745.2,-1696.8,-1647.1,-1599.1,-1554.6,-1515,-1480.7,-1452,-1428.9,-1411.1,-1398.6,-1391.2,-1484.5,-1487.3,-1495.9,-1510.3,-1530.8,-1557.5,-1590.8,-1630.7,-1677,-1729.1,-1785.7,-1844.4,-1902,-1954.3,-1996.3,-2023.7,-2033.3,-2023.7,-1996.3,-1954.3,-1902,-1844.4,-1785.7,-1729.1,-1677,-1630.7,-1590.8,-1557.5,-1530.8,-1510.3,-1495.9,-1487.3,-1586.2,-1589.4,-1599.2,-1615.8,-1639.3,-1670.2,-1708.6,-1754.9,-1808.7,-1869.6,-1936.1,-2005.4,-2073.7,-2136,-2186.3,-2219.1,-2230.6,-2219.1,-2186.3,-2136,-2073.7,-2005.4,-1936.1,-1869.6,-1808.7,-1754.9,-1708.6,-1670.2,-1639.3,-1615.8,-1599.2,-1589.4,-1693.7,-1697.4,-1708.7,-1727.6,-1754.6,-1790,-1834.3,-1887.7,-1950.1,-2021.1,-2098.8,-2180.4,-2261.3,-2335.2,-2395.2,-2434.6,-2448.3,-2434.6,-2395.2,-2335.2,-2261.3,-2180.4,-2098.8,-2021.1,-1950.1,-1887.7,-1834.3,-1790,-1754.6,-1727.6,-1708.7,-1697.4,-1807.1,-1811.3,-1824.1,-1845.7,-1876.5,-1917,-1967.7,-2029.1,-2101.3,-2183.7,-2274.4,-2370.1,-2465.4,-2553.1,-2624.6,-2671.5,-2688,-2671.5,-2624.6,-2553.1,-2465.4,-2370.1,-2274.4,-2183.7,-2101.3,-2029.1,-1967.7,-1917,-1876.5,-1845.7,-1824.1,-1811.3,-1925.9,-1930.7,-1945.2,-1969.7,-2004.7,-2050.8,-2108.8,-2179.2,-2262.2,-2357.5,-2462.9,-2574.8,-2686.9,-2790.6,-2875.4,-2931.3,-2950.8,-2931.3,-2875.4,-2790.6,-2686.9,-2574.8,-2462.9,-2357.5,-2262.2,-2179.2,-2108.8,-2050.8,-2004.7,-1969.7,-1945.2,-1930.7,-2049.9,-2055.3,-2071.6,-2099.3,-2138.9,-2191.2,-2257.1,-2337.4,-2432.6,-2542.3,-2664.4,-2794.7,-2926.1,-3048.1,-3148.4,-3214.7,-3238,-3214.7,-3148.4,-3048.1,-2926.1,-2794.7,-2664.4,-2542.3,-2432.6,-2337.4,-2257.1,-2191.2,-2138.9,-2099.3,-2071.6,-2055.3,-2178.3,-2184.4,-2202.8,-2233.9,-2278.4,-2337.4,-2412,-2503.3,-2611.9,-2737.6,-2878.4,-3029.5,-3182.7,-3325.8,-3443.9,-3522.3,-3549.8,-3522.3,-3443.9,-3325.8,-3182.7,-3029.5,-2878.4,-2737.6,-2611.9,-2503.3,-2412,-2337.4,-2278.4,-2233.9,-2202.8,-2184.4,-2310.4,-2317.2,-2337.7,-2372.5,-2422.4,-2488.7,-2572.7,-2675.8,-2799,-2942.4,-3103.9,-3278.4,-3456.2,-3623.1,-3761.6,-3853.8,-3886.2,-3853.8,-3761.6,-3623.1,-3456.2,-3278.4,-3103.9,-2942.4,-2799,-2675.8,-2572.7,-2488.7,-2422.4,-2372.5,-2337.7,-2317.2,-2445.1,-2452.7,-2475.5,-2514.1,-2569.8,-2643.8,-2737.8,-2853.7,-2992.8,-3155.5,-3339.8,-3539.9,-3745.2,-3938.9,-4100.4,-4208.1,-4246.1,-4208.1,-4100.4,-3938.9,-3745.2,-3539.9,-3339.8,-3155.5,-2992.8,-2853.7,-2737.8,-2643.8,-2569.8,-2514.1,-2475.5,-2452.7,-2581.1,-2589.4,-2614.6,-2657.4,-2719.1,-2801.2,-2905.9,-3035.3,-3191.4,-3374.8,-3583.8,-3812,-4047.5,-4270.9,-4457.8,-4583,-4627.2,-4583,-4457.8,-4270.9,-4047.5,-3812,-3583.8,-3374.8,-3191.4,-3035.3,-2905.9,-2801.2,-2719.1,-2657.4,-2614.6,-2589.4,-2716.9,-2726,-2753.6,-2800.7,-2868.5,-2959.1,-3074.9,-3218.6,-3392.6,-3598,-3833.2,-4091.8,-4359.9,-4615.7,-4830.6,-4974.9,-5025.9,-4974.9,-4830.6,-4615.7,-4359.9,-4091.8,-3833.2,-3598,-3392.6,-3218.6,-3074.9,-2959.1,-2868.5,-2800.7,-2753.6,-2726,-2850.5,-2860.5,-2890.7,-2942,-3016.2,-3115.5,-3242.7,-3401,-3593.5,-3821.9,-4084.8,-4375.3,-4678.3,-4968.7,-5213.6,-5378.6,-5436.9,-5378.6,-5213.6,-4968.7,-4678.3,-4375.3,-4084.8,-3821.9,-3593.5,-3401,-3242.7,-3115.5,-3016.2,-2942,-2890.7,-2860.5,-2980.2,-2990.9,-3023.6,-3079.3,-3159.9,-3267.8,-3406.5,-3579.7,-3791,-4042.8,-4334.2,-4658,-4997.3,-5324,-5600.5,-5787.2,-5853.3,-5787.2,-5600.5,-5324,-4997.3,-4658,-4334.2,-4042.8,-3791,-3579.7,-3406.5,-3267.8,-3159.9,-3079.3,-3023.6,-2990.9,-3103.5,-3115.1,-3150.3,-3210.2,-3297,-3413.5,-3563.5,-3751.3,-3981.4,-4256.7,-4576.7,-4934.1,-5310.4,-5674.3,-5983.3,-6192.3,-6266.4,-6192.3,-5983.3,-5674.3,-5310.4,-4934.1,-4576.7,-4256.7,-3981.4,-3751.3,-3563.5,-3413.5,-3297,-3210.2,-3150.3,-3115.1,-3218.4,-3230.7,-3268.2,-3332.2,-3424.9,-3549.6,-3710.5,-3912.5,-4160.7,-4458.8,-4807,-5197.4,-5610.3,-6011.1,-6352.4,-6583.8,-6665.8,-6583.8,-6352.4,-6011.1,-5610.3,-5197.4,-4807,-4458.8,-4160.7,-3912.5,-3710.5,-3549.6,-3424.9,-3332.2,-3268.2,-3230.7,-3322.4,-3335.4,-3375.1,-3442.8,-3541,-3673.3,-3844.3,-4059.6,-4324.7,-4644.4,-5019.1,-5441,-5889,-6325.2,-6697.6,-6950.4,-7040.2,-6950.4,-6697.6,-6325.2,-5889,-5441,-5019.1,-4644.4,-4324.7,-4059.6,-3844.3,-3673.3,-3541,-3442.8,-3375.1,-3335.4,-3413.2,-3426.9,-3468.5,-3539.5,-3642.6,-3781.7,-3961.8,-4188.9,-4469.4,-4808.6,-5207.4,-5658,-6138.1,-6606.9,-7007.9,-7280.4,-7377.2,-7280.4,-7007.9,-6606.9,-6138.1,-5658,-5207.4,-4808.6,-4469.4,-4188.9,-3961.8,-3781.7,-3642.6,-3539.5,-3468.5,-3426.9,-3488.7,-3503,-3546.2,-3620,-3727.3,-3872.2,-4059.9,-4297.1,-4590.7,-4946.5,-5366.1,-5841.5,-6349.4,-6846.4,-7272.2,-7561.9,-7664.9,-7561.9,-7272.2,-6846.4,-6349.4,-5841.5,-5366.1,-4946.5,-4590.7,-4297.1,-4059.9,-3872.2,-3727.3,-3620,-3546.2,-3503,-3547.2,-3561.8,-3606.3,-3682.4,-3792.9,-3942.3,-4136.1,-4381.2,-4685.1,-5054.1,-5490.2,-5985.3,-6515.3,-7034.9,-7480.6,-7784.1,-7891.9,-7784.1,-7480.6,-7034.9,-6515.3,-5985.3,-5490.2,-5054.1,-4685.1,-4381.2,-4136.1,-3942.3,-3792.9,-3682.4,-3606.3,-3561.8,-3587,-3601.9,-3647.3,-3724.9,-3837.7,-3990.2,-4188.1,-4438.7,-4749.8,-5127.9,-5575.4,-6084.3,-6629.7,-7165.1,-7624.7,-7937.7,-8049,-7937.7,-7624.7,-7165.1,-6629.7,-6084.3,-5575.4,-5127.9,-4749.8,-4438.7,-4188.1,-3990.2,-3837.7,-3724.9,-3647.3,-3601.9,-3607.2,-3622.3,-3668.1,-3746.4,-3860.4,-4014.4,-4214.5,-4467.9,-4782.6,-5165.5,-5618.8,-6134.7,-6688.1,-7231.6,-7698.3,-8016.3,-8129.3,-8016.3,-7698.3,-7231.6,-6688.1,-6134.7,-5618.8,-5165.5,-4782.6,-4467.9,-4214.5,-4014.4,-3860.4,-3746.4,-3668.1,-3622.3,-3607.2,-3622.3,-3668.1,-3746.4,-3860.4,-4014.4,-4214.5,-4467.9,-4782.6,-5165.5,-5618.8,-6134.7,-6688.1,-7231.6,-7698.3,-8016.3,-8129.3,-8016.3,-7698.3,-7231.6,-6688.1,-6134.7,-5618.8,-5165.5,-4782.6,-4467.9,-4214.5,-4014.4,-3860.4,-3746.4,-3668.1,-3622.3,-3587,-3601.9,-3647.3,-3724.9,-3837.7,-3990.2,-4188.1,-4438.7,-4749.8,-5127.9,-5575.4,-6084.3,-6629.7,-7165.1,-7624.7,-7937.7,-8049,-7937.7,-7624.7,-7165.1,-6629.7,-6084.3,-5575.4,-5127.9,-4749.8,-4438.7,-4188.1,-3990.2,-3837.7,-3724.9,-3647.3,-3601.9,-3547.2,-3561.8,-3606.3,-3682.4,-3792.9,-3942.3,-4136.1,-4381.2,-4685.1,-5054.1,-5490.2,-5985.3,-6515.3,-7034.9,-7480.6,-7784.1,-7891.9,-7784.1,-7480.6,-7034.9,-6515.3,-5985.3,-5490.2,-5054.1,-4685.1,-4381.2,-4136.1,-3942.3,-3792.9,-3682.4,-3606.3,-3561.8,-3488.7,-3503,-3546.2,-3620,-3727.3,-3872.2,-4059.9,-4297.1,-4590.7,-4946.5,-5366.1,-5841.5,-6349.4,-6846.4,-7272.2,-7561.9,-7664.9,-7561.9,-7272.2,-6846.4,-6349.4,-5841.5,-5366.1,-4946.5,-4590.7,-4297.1,-4059.9,-3872.2,-3727.3,-3620,-3546.2,-3503,-3413.2,-3426.9,-3468.5,-3539.5,-3642.6,-3781.7,-3961.8,-4188.9,-4469.4,-4808.6,-5207.4,-5658,-6138.1,-6606.9,-7007.9,-7280.4,-7377.2,-7280.4,-7007.9,-6606.9,-6138.1,-5658,-5207.4,-4808.6,-4469.4,-4188.9,-3961.8,-3781.7,-3642.6,-3539.5,-3468.5,-3426.9,-3322.4,-3335.4,-3375.1,-3442.8,-3541,-3673.3,-3844.3,-4059.6,-4324.7,-4644.4,-5019.1,-5441,-5889,-6325.2,-6697.6,-6950.4,-7040.2,-6950.4,-6697.6,-6325.2,-5889,-5441,-5019.1,-4644.4,-4324.7,-4059.6,-3844.3,-3673.3,-3541,-3442.8,-3375.1,-3335.4,-3218.4,-3230.7,-3268.2,-3332.2,-3424.9,-3549.6,-3710.5,-3912.5,-4160.7,-4458.8,-4807,-5197.4,-5610.3,-6011.1,-6352.4,-6583.8,-6665.8,-6583.8,-6352.4,-6011.1,-5610.3,-5197.4,-4807,-4458.8,-4160.7,-3912.5,-3710.5,-3549.6,-3424.9,-3332.2,-3268.2,-3230.7,-3103.5,-3115.1,-3150.3,-3210.2,-3297,-3413.5,-3563.5,-3751.3,-3981.4,-4256.7,-4576.7,-4934.1,-5310.4,-5674.3,-5983.3,-6192.3,-6266.4,-6192.3,-5983.3,-5674.3,-5310.4,-4934.1,-4576.7,-4256.7,-3981.4,-3751.3,-3563.5,-3413.5,-3297,-3210.2,-3150.3,-3115.1,-2980.2,-2990.9,-3023.6,-3079.3,-3159.9,-3267.8,-3406.5,-3579.7,-3791,-4042.8,-4334.2,-4658,-4997.3,-5324,-5600.5,-5787.2,-5853.3,-5787.2,-5600.5,-5324,-4997.3,-4658,-4334.2,-4042.8,-3791,-3579.7,-3406.5,-3267.8,-3159.9,-3079.3,-3023.6,-2990.9,-2850.5,-2860.5,-2890.7,-2942,-3016.2,-3115.5,-3242.7,-3401,-3593.5,-3821.9,-4084.8,-4375.3,-4678.3,-4968.7,-5213.6,-5378.6,-5436.9,-5378.6,-5213.6,-4968.7,-4678.3,-4375.3,-4084.8,-3821.9,-3593.5,-3401,-3242.7,-3115.5,-3016.2,-2942,-2890.7,-2860.5,-2716.9,-2726,-2753.6,-2800.7,-2868.5,-2959.1,-3074.9,-3218.6,-3392.6,-3598,-3833.2,-4091.8,-4359.9,-4615.7,-4830.6,-4974.9,-5025.9,-4974.9,-4830.6,-4615.7,-4359.9,-4091.8,-3833.2,-3598,-3392.6,-3218.6,-3074.9,-2959.1,-2868.5,-2800.7,-2753.6,-2726,-2581.1,-2589.4,-2614.6,-2657.4,-2719.1,-2801.2,-2905.9,-3035.3,-3191.4,-3374.8,-3583.8,-3812,-4047.5,-4270.9,-4457.8,-4583,-4627.2,-4583,-4457.8,-4270.9,-4047.5,-3812,-3583.8,-3374.8,-3191.4,-3035.3,-2905.9,-2801.2,-2719.1,-2657.4,-2614.6,-2589.4,-2445.1,-2452.7,-2475.5,-2514.1,-2569.8,-2643.8,-2737.8,-2853.7,-2992.8,-3155.5,-3339.8,-3539.9,-3745.2,-3938.9,-4100.4,-4208.1,-4246.1,-4208.1,-4100.4,-3938.9,-3745.2,-3539.9,-3339.8,-3155.5,-2992.8,-2853.7,-2737.8,-2643.8,-2569.8,-2514.1,-2475.5,-2452.7,-2310.4,-2317.2,-2337.7,-2372.5,-2422.4,-2488.7,-2572.7,-2675.8,-2799,-2942.4,-3103.9,-3278.4,-3456.2,-3623.1,-3761.6,-3853.8,-3886.2,-3853.8,-3761.6,-3623.1,-3456.2,-3278.4,-3103.9,-2942.4,-2799,-2675.8,-2572.7,-2488.7,-2422.4,-2372.5,-2337.7,-2317.2,-2178.3,-2184.4,-2202.8,-2233.9,-2278.4,-2337.4,-2412,-2503.3,-2611.9,-2737.6,-2878.4,-3029.5,-3182.7,-3325.8,-3443.9,-3522.3,-3549.8,-3522.3,-3443.9,-3325.8,-3182.7,-3029.5,-2878.4,-2737.6,-2611.9,-2503.3,-2412,-2337.4,-2278.4,-2233.9,-2202.8,-2184.4,-2049.9,-2055.3,-2071.6,-2099.3,-2138.9,-2191.2,-2257.1,-2337.4,-2432.6,-2542.3,-2664.4,-2794.7,-2926.1,-3048.1,-3148.4,-3214.7,-3238,-3214.7,-3148.4,-3048.1,-2926.1,-2794.7,-2664.4,-2542.3,-2432.6,-2337.4,-2257.1,-2191.2,-2138.9,-2099.3,-2071.6,-2055.3,-1925.9,-1930.7,-1945.2,-1969.7,-2004.7,-2050.8,-2108.8,-2179.2,-2262.2,-2357.5,-2462.9,-2574.8,-2686.9,-2790.6,-2875.4,-2931.3,-2950.8,-2931.3,-2875.4,-2790.6,-2686.9,-2574.8,-2462.9,-2357.5,-2262.2,-2179.2,-2108.8,-2050.8,-2004.7,-1969.7,-1945.2,-1930.7,-1807.1,-1811.3,-1824.1,-1845.7,-1876.5,-1917,-1967.7,-2029.1,-2101.3,-2183.7,-2274.4,-2370.1,-2465.4,-2553.1,-2624.6,-2671.5,-2688,-2671.5,-2624.6,-2553.1,-2465.4,-2370.1,-2274.4,-2183.7,-2101.3,-2029.1,-1967.7,-1917,-1876.5,-1845.7,-1824.1,-1811.3,-1693.7,-1697.4,-1708.7,-1727.6,-1754.6,-1790,-1834.3,-1887.7,-1950.1,-2021.1,-2098.8,-2180.4,-2261.3,-2335.2,-2395.2,-2434.6,-2448.3,-2434.6,-2395.2,-2335.2,-2261.3,-2180.4,-2098.8,-2021.1,-1950.1,-1887.7,-1834.3,-1790,-1754.6,-1727.6,-1708.7,-1697.4,-1586.2,-1589.4,-1599.2,-1615.8,-1639.3,-1670.2,-1708.6,-1754.9,-1808.7,-1869.6,-1936.1,-2005.4,-2073.7,-2136,-2186.3,-2219.1,-2230.6,-2219.1,-2186.3,-2136,-2073.7,-2005.4,-1936.1,-1869.6,-1808.7,-1754.9,-1708.6,-1670.2,-1639.3,-1615.8,-1599.2,-1589.4,-1484.5,-1487.3,-1495.9,-1510.3,-1530.8,-1557.5,-1590.8,-1630.7,-1677,-1729.1,-1785.7,-1844.4,-1902,-1954.3,-1996.3,-2023.7,-2033.3,-2023.7,-1996.3,-1954.3,-1902,-1844.4,-1785.7,-1729.1,-1677,-1630.7,-1590.8,-1557.5,-1530.8,-1510.3,-1495.9,-1487.3,-1388.7,-1391.2,-1398.6,-1411.1,-1428.9,-1452,-1480.7,-1515,-1554.6,-1599.1,-1647.1,-1696.8,-1745.2,-1789,-1824.1,-1846.9,-1854.8,-1846.9,-1824.1,-1789,-1745.2,-1696.8,-1647.1,-1599.1,-1554.6,-1515,-1480.7,-1452,-1428.9,-1411.1,-1398.6,-1391.2,-1298.8,-1300.9,-1307.3,-1318.1,-1333.4,-1353.4,-1378,-1407.4,-1441.3,-1479.1,-1519.8,-1561.6,-1602.3,-1638.8,-1668.1,-1687,-1693.6,-1687,-1668.1,-1638.8,-1602.3,-1561.6,-1519.8,-1479.1,-1441.3,-1407.4,-1378,-1353.4,-1333.4,-1318.1,-1307.3,-1300.9,-1214.5,-1216.4,-1221.9,-1231.2,-1244.4,-1261.5,-1282.6,-1307.6,-1336.5,-1368.5,-1402.9,-1438.1,-1472.1,-1502.6,-1526.9,-1542.6,-1548.1,-1542.6,-1526.9,-1502.6,-1472.1,-1438.1,-1402.9,-1368.5,-1336.5,-1307.6,-1282.6,-1261.5,-1244.4,-1231.2,-1221.9,-1216.4,-1135.8,-1137.4,-1142.1,-1150.1,-1161.3,-1176,-1194,-1215.3,-1239.7,-1266.8,-1295.7,-1325.2,-1353.7,-1379.1,-1399.2,-1412.3,-1416.8,-1412.3,-1399.2,-1379.1,-1353.7,-1325.2,-1295.7,-1266.8,-1239.7,-1215.3,-1194,-1176,-1161.3,-1150.1,-1142.1,-1137.4,-1062.3,-1063.6,-1067.7,-1074.5,-1084.1,-1096.5,-1111.8,-1129.9,-1150.5,-1173.3,-1197.6,-1222.3,-1246,-1267.1,-1283.8,-1294.5,-1298.2,-1294.5,-1283.8,-1267.1,-1246,-1222.3,-1197.6,-1173.3,-1150.5,-1129.9,-1111.8,-1096.5,-1084.1,-1074.5,-1067.7,-1063.6,-993.81,-994.95,-998.39,-1004.2,-1012.3,-1022.8,-1035.8,-1051,-1068.4,-1087.5,-1107.8,-1128.4,-1148.1,-1165.5,-1179.3,-1188.2,-1191.3,-1188.2,-1179.3,-1165.5,-1148.1,-1128.4,-1107.8,-1087.5,-1068.4,-1051,-1035.8,-1022.8,-1012.3,-1004.2,-998.39,-994.95,-930.05,-931.02,-933.92,-938.79,-945.65,-954.52,-965.39,-978.2,-992.75,-1008.7,-1025.6,-1042.7,-1059,-1073.4,-1084.8,-1092.1,-1094.6,-1092.1,-1084.8,-1073.4,-1059,-1042.7,-1025.6,-1008.7,-992.75,-978.2,-965.39,-954.52,-945.65,-938.79,-933.92,-931.02,-870.74,-871.55,-873.99,-878.07,-883.82,-891.25,-900.34,-911.03,-923.16,-936.46,-950.48,-964.6,-978.05,-989.91,-999.24,-1005.2,-1007.3,-1005.2,-999.24,-989.91,-978.05,-964.6,-950.48,-936.46,-923.16,-911.03,-900.34,-891.25,-883.82,-878.07,-873.99,-871.55,-815.61,-816.28,-818.31,-821.71,-826.5,-832.67,-840.22,-849.09,-859.14,-870.13,-881.69,-893.31,-904.35,-914.06,-921.69,-926.57,-928.25,-926.57,-921.69,-914.06,-904.35,-893.31,-881.69,-870.13,-859.14,-849.09,-840.22,-832.67,-826.5,-821.71,-818.31,-816.28,-764.38,-764.94,-766.61,-769.41,-773.36,-778.45,-784.67,-791.97,-800.23,-809.24,-818.72,-828.22,-837.23,-845.14,-851.34,-855.31,-856.67,-855.31,-851.34,-845.14,-837.23,-828.22,-818.72,-809.24,-800.23,-791.97,-784.67,-778.45,-773.36,-769.41,-766.61,-764.94,-716.79,-717.24,-718.61,-720.89,-724.11,-728.26,-733.34,-739.29,-746.01,-753.35,-761.05,-768.76,-776.06,-782.46,-787.47,-790.67,-791.77,-790.67,-787.47,-782.46,-776.06,-768.76,-761.05,-753.35,-746.01,-739.29,-733.34,-728.26,-724.11,-720.89,-718.61,-717.24
-712.47,-712.95,-714.37,-716.77,-720.15,-724.55,-729.95,-736.33,-743.6,-751.61,-760.09,-768.65,-776.82,-784.04,-789.72,-793.37,-794.63,-793.37,-789.72,-784.04,-776.82,-768.65,-760.09,-751.61,-743.6,-736.33,-729.95,-724.55,-720.15,-716.77,-714.37,-712.95,-759.28,-759.87,-761.62,-764.55,-768.7,-774.09,-780.71,-788.54,-797.47,-807.31,-817.74,-828.3,-838.4,-847.32,-854.37,-858.89,-860.45,-858.89,-854.37,-847.32,-838.4,-828.3,-817.74,-807.31,-797.47,-788.54,-780.71,-774.09,-768.7,-764.55,-761.62,-759.87,-809.62,-810.32,-812.44,-816.01,-821.04,-827.57,-835.61,-845.12,-855.98,-867.97,-880.7,-893.62,-906,-916.97,-925.64,-931.22,-933.14,-931.22,-925.64,-916.97,-906,-893.62,-880.7,-867.97,-855.98,-845.12,-835.61,-827.57,-821.04,-816.01,-812.44,-810.32,-863.73,-864.57,-867.12,-871.39,-877.44,-885.29,-894.97,-906.43,-919.54,-934.04,-949.48,-965.19,-980.28,-993.69,-1004.3,-1011.1,-1013.5,-1011.1,-1004.3,-993.69,-980.28,-965.19,-949.48,-934.04,-919.54,-906.43,-894.97,-885.29,-877.44,-871.39,-867.12,-864.57,-921.86,-922.87,-925.9,-931,-938.21,-947.58,-959.14,-972.86,-988.59,-1006,-1024.6,-1043.7,-1062,-1078.3,-1091.2,-1099.6,-1102.5,-1099.6,-1091.2,-1078.3,-1062,-1043.7,-1024.6,-1006,-988.59,-972.86,-959.14,-947.58,-938.21,-931,-925.9,-922.87,-984.28,-985.47,-989.06,-995.1,-1003.6,-1014.8,-1028.5,-1044.8,-1063.6,-1084.5,-1106.8,-1129.7,-1151.8,-1171.6,-1187.3,-1197.5,-1201.1,-1197.5,-1187.3,-1171.6,-1151.8,-1129.7,-1106.8,-1084.5,-1063.6,-1044.8,-1028.5,-1014.8,-1003.6,-995.1,-989.06,-985.47,-1051.2,-1052.6,-1056.9,-1064,-1074,-1087.1,-1103.4,-1122.7,-1145,-1169.9,-1196.6,-1224.1,-1250.7,-1274.6,-1293.7,-1306.1,-1310.4,-1306.1,-1293.7,-1274.6,-1250.7,-1224.1,-1196.6,-1169.9,-1145,-1122.7,-1103.4,-1087.1,-1074,-1064,-1056.9,-1052.6,-1123,-1124.6,-1129.6,-1137.9,-1149.7,-1165.1,-1184.2,-1207,-1233.3,-1262.9,-1294.7,-1327.6,-1359.6,-1388.4,-1411.5,-1426.5,-1431.7,-1426.5,-1411.5,-1388.4,-1359.6,-1327.6,-1294.7,-1262.9,-1233.3,-1207,-1184.2,-1165.1,-1149.7,-1137.9,-1129.6,-1124.6,-1199.8,-1201.7,-1207.4,-1217.1,-1230.9,-1248.9,-1271.2,-1298,-1329.1,-1364,-1401.8,-1441,-1479.4,-1514.1,-1542,-1560.1,-1566.4,-1560.1,-1542,-1514.1,-1479.4,-1441,-1401.8,-1364,-1329.1,-1298,-1271.2,-1248.9,-1230.9,-1217.1,-1207.4,-1201.7,-1281.8,-1284,-1290.7,-1301.9,-1317.9,-1338.8,-1364.9,-1396.3,-1432.7,-1473.9,-1518.7,-1565.3,-1611.2,-1652.8,-1686.5,-1708.4,-1716,-1708.4,-1686.5,-1652.8,-1611.2,-1565.3,-1518.7,-1473.9,-1432.7,-1396.3,-1364.9,-1338.8,-1317.9,-1301.9,-1290.7,-1284,-1369.2,-1371.8,-1379.5,-1392.5,-1411,-1435.2,-1465.6,-1502.1,-1544.8,-1593.1,-1646,-1701.4,-1756.1,-1806,-1846.4,-1872.9,-1882.1,-1872.9,-1846.4,-1806,-1756.1,-1701.4,-1646,-1593.1,-1544.8,-1502.1,-1465.6,-1435.2,-1411,-1392.5,-1379.5,-1371.8,-1462.2,-1465.1,-1474,-1488.9,-1510.2,-1538.3,-1573.4,-1615.8,-1665.6,-1722.3,-1784.5,-1850.1,-1915.2,-1974.8,-2023.4,-2055.2,-2066.4,-2055.2,-2023.4,-1974.8,-1915.2,-1850.1,-1784.5,-1722.3,-1665.6,-1615.8,-1573.4,-1538.3,-1510.2,-1488.9,-1474,-1465.1,-1560.7,-1564,-1574.2,-1591.3,-1615.8,-1648.1,-1688.6,-1737.7,-1795.5,-1861.7,-1934.8,-2012.2,-2089.5,-2160.7,-2218.9,-2257.2,-2270.6,-2257.2,-2218.9,-2160.7,-2089.5,-2012.2,-1934.8,-1861.7,-1795.5,-1737.7,-1688.6,-1648.1,-1615.8,-1591.3,-1574.2,-1564,-1664.7,-1668.6,-1680.1,-1699.7,-1727.7,-1764.7,-1811.2,-1867.9,-1934.9,-2011.9,-2097.5,-2188.6,-2280.1,-2364.9,-2434.5,-2480.5,-2496.6,-2480.5,-2434.5,-2364.9,-2280.1,-2188.6,-2097.5,-2011.9,-1934.9,-1867.9,-1811.2,-1764.7,-1727.7,-1699.7,-1680.1,-1668.6,-1774.2,-1778.5,-1791.7,-1813.9,-1845.8,-1888,-1941.3,-2006.4,-2083.7,-2173.1,-2272.9,-2379.8,-2487.9,-2588.6,-2671.6,-2726.6,-2745.9,-2726.6,-2671.6,-2588.6,-2487.9,-2379.8,-2272.9,-2173.1,-2083.7,-2006.4,-1941.3,-1888,-1845.8,-1813.9,-1791.7,-1778.5,-1888.8,-1893.7,-1908.6,-1933.8,-1969.9,-2017.9,-2078.6,-2153.1,-2242,-2345.2,-2461.2,-2586.3,-2713.5,-2832.7,-2931.5,-2997.2,-3020.3,-2997.2,-2931.5,-2832.7,-2713.5,-2586.3,-2461.2,-2345.2,-2242,-2153.1,-2078.6,-2017.9,-1969.9,-1933.8,-1908.6,-1893.7,-2008,-2013.6,-2030.3,-2058.7,-2099.6,-2153.8,-2222.8,-2307.6,-2409.4,-2528.1,-2662.5,-2808.1,-2957.3,-3098,-3215.1,-3293.3,-3320.8,-3293.3,-3215.1,-3098,-2957.3,-2808.1,-2662.5,-2528.1,-2409.4,-2307.6,-2222.8,-2153.8,-2099.6,-2058.7,-2030.3,-2013.6,-2131.4,-2137.6,-2156.4,-2188.3,-2234.1,-2295.3,-2373.1,-2469.3,-2585.2,-2721.3,-2876.1,-3045.1,-3219.3,-3384.6,-3522.9,-3615.5,-3648.2,-3615.5,-3522.9,-3384.6,-3219.3,-3045.1,-2876.1,-2721.3,-2585.2,-2469.3,-2373.1,-2295.3,-2234.1,-2188.3,-2156.4,-2137.6,-2258.1,-2265,-2285.9,-2321.5,-2372.8,-2441.3,-2528.8,-2637.3,-2768.7,-2923.7,-3101.3,-3296.4,-3498.8,-3692,-3854.6,-3963.9,-4002.5,-3963.9,-3854.6,-3692,-3498.8,-3296.4,-3101.3,-2923.7,-2768.7,-2637.3,-2528.8,-2441.3,-2372.8,-2321.5,-2285.9,-2265,-2387,-2394.6,-2417.8,-2457.4,-2514.4,-2590.7,-2688.5,-2810.3,-2958.4,-3134.1,-3336.6,-3560.6,-3794.5,-4019.2,-4209.1,-4337.3,-4382.7,-4337.3,-4209.1,-4019.2,-3794.5,-3560.6,-3336.6,-3134.1,-2958.4,-2810.3,-2688.5,-2590.7,-2514.4,-2457.4,-2417.8,-2394.6,-2516.9,-2525.3,-2550.9,-2594.5,-2657.6,-2742.2,-2850.9,-2986.7,-3152.6,-3350.5,-3580,-3835.5,-4104.2,-4363.8,-4584.3,-4733.6,-4786.5,-4733.6,-4584.3,-4363.8,-4104.2,-3835.5,-3580,-3350.5,-3152.6,-2986.7,-2850.9,-2742.2,-2657.6,-2594.5,-2550.9,-2525.3,-2646.4,-2655.6,-2683.7,-2731.5,-2800.8,-2893.9,-3013.9,-3164.4,-3349,-3570.5,-3828.8,-4118.3,-4424.7,-4722.4,-4976.5,-5149,-5210.3,-5149,-4976.5,-4722.4,-4424.7,-4118.3,-3828.8,-3570.5,-3349,-3164.4,-3013.9,-2893.9,-2800.8,-2731.5,-2683.7,-2655.6,-2773.7,-2783.7,-2814.3,-2866.4,-2942,-3043.8,-3175.4,-3341,-3545,-3791,-4079.6,-4405.1,-4751.6,-5090.3,-5380.5,-5578.3,-5648.6,-5578.3,-5380.5,-5090.3,-4751.6,-4405.1,-4079.6,-3791,-3545,-3341,-3175.4,-3043.8,-2942,-2866.4,-2814.3,-2783.7,-2896.9,-2907.8,-2940.8,-2997.2,-3079.2,-3189.7,-3332.9,-3513.7,-3737.4,-4008.4,-4328.2,-4691,-5079.5,-5461.2,-5789.6,-6014,-6093.9,-6014,-5789.6,-5461.2,-5079.5,-4691,-4328.2,-4008.4,-3737.4,-3513.7,-3332.9,-3189.7,-3079.2,-2997.2,-2940.8,-2907.8,-3014,-3025.7,-3061.1,-3121.8,-3209.9,-3329,-3483.6,-3679.5,-3922.7,-4218.7,-4569.8,-4970.5,-5401.8,-5827.5,-6195.3,-6447.1,-6536.8,-6447.1,-6195.3,-5827.5,-5401.8,-4970.5,-4569.8,-4218.7,-3922.7,-3679.5,-3483.6,-3329,-3209.9,-3121.8,-3061.1,-3025.7,-3122.9,-3135.3,-3173.1,-3237.7,-3331.7,-3459,-3624.6,-3834.9,-4097,-4417.4,-4799.2,-5237,-5710.8,-6180.5,-6587.5,-6866.6,-6966.3,-6866.6,-6587.5,-6180.5,-5710.8,-5237,-4799.2,-4417.4,-4097,-3834.9,-3624.6,-3459,-3331.7,-3237.7,-3173.1,-3135.3,-3221.3,-3234.5,-3274.3,-3342.6,-3442.1,-3576.9,-3752.8,-3976.6,-4256.3,-4599.7,-5010.5,-5483.8,-5998.3,-6510.1,-6954.9,-7260.5,-7369.7,-7260.5,-6954.9,-6510.1,-5998.3,-5483.8,-5010.5,-4599.7,-4256.3,-3976.6,-3752.8,-3576.9,-3442.1,-3342.6,-3274.3,-3234.5,-3307.2,-3321,-3362.7,-3434.3,-3538.6,-3680.2,-3865.1,-4101,-4396.7,-4760.7,-5198,-5703.7,-6255.4,-6806.1,-7285.7,-7615.7,-7733.6,-7615.7,-7285.7,-6806.1,-6255.4,-5703.7,-5198,-4760.7,-4396.7,-4101,-3865.1,-3680.2,-3538.6,-3434.3,-3362.7,-3321,-3378.6,-3392.9,-3436.3,-3510.6,-3619,-3766.3,-3958.9,-4205.1,-4514.4,-4896.1,-5356,-5889.7,-6473.7,-7058.1,-7568,-7919.1,-8044.7,-7919.1,-7568,-7058.1,-6473.7,-5889.7,-5356,-4896.1,-4514.4,-4205.1,-3958.9,-3766.3,-3619,-3510.6,-3436.3,-3392.9,-3433.8,-3448.5,-3493.1,-3569.6,-3681.2,-3833,-4031.7,-4285.9,-4605.9,-5001.6,-5479.5,-6035.5,-6645.3,-7256.7,-7790.9,-8158.9,-8290.5,-8158.9,-7790.9,-7256.7,-6645.3,-6035.5,-5479.5,-5001.6,-4605.9,-4285.9,-4031.7,-3833,-3681.2,-3569.6,-3493.1,-3448.5,-3471.4,-3486.4,-3531.8,-3609.8,-3723.6,-3878.5,-4081.4,-4341.2,-4668.5,-5074,-5564.4,-6135.8,-6763.6,-7394,-7945,-8325,-8460.8,-8325,-7945,-7394,-6763.6,-6135.8,-5564.4,-5074,-4668.5,-4341.2,-4081.4,-3878.5,-3723.6,-3609.8,-3531.8,-3486.4,-3490.5,-3505.5,-3551.4,-3630.2,-3745.2,-3901.6,-4106.6,-4369.2,-4700.3,-5110.8,-5607.6,-6187,-6824.1,-7464.1,-8023.9,-8409.9,-8547.9,-8409.9,-8023.9,-7464.1,-6824.1,-6187,-5607.6,-5110.8,-4700.3,-4369.2,-4106.6,-3901.6,-3745.2,-3630.2,-3551.4,-3505.5,-3490.5,-3505.5,-3551.4,-3630.2,-3745.2,-3901.6,-4106.6,-4369.2,-4700.3,-5110.8,-5607.6,-6187,-6824.1,-7464.1,-8023.9,-8409.9,-8547.9,-8409.9,-8023.9,-7464.1,-6824.1,-6187,-5607.6,-5110.8,-4700.3,-4369.2,-4106.6,-3901.6,-3745.2,-3630.2,-3551.4,-3505.5,-3471.4,-3486.4,-3531.8,-3609.8,-3723.6,-3878.5,-4081.4,-4341.2,-4668.5,-5074,-5564.4,-6135.8,-6763.6,-7394,-7945,-8325,-8460.8,-8325,-7945,-7394,-6763.6,-6135.8,-5564.4,-5074,-4668.5,-4341.2,-4081.4,-3878.5,-3723.6,-3609.8,-3531.8,-3486.4,-3433.8,-3448.5,-3493.1,-3569.6,-3681.2,-3833,-4031.7,-4285.9,-4605.9,-5001.6,-5479.5,-6035.5,-6645.3,-7256.7,-7790.9,-8158.9,-8290.5,-8158.9,-7790.9,-7256.7,-6645.3,-6035.5,-5479.5,-5001.6,-4605.9,-4285.9,-4031.7,-3833,-3681.2,-3569.6,-3493.1,-3448.5,-3378.6,-3392.9,-3436.3,-3510.6,-3619,-3766.3,-3958.9,-4205.1,-4514.4,-4896.1,-5356,-5889.7,-6473.7,-7058.1,-7568,-7919.1,-8044.7,-7919.1,-7568,-7058.1,-6473.7,-5889.7,-5356,-4896.1,-4514.4,-4205.1,-3958.9,-3766.3,-3619,-3510.6,-3436.3,-3392.9,-3307.2,-3321,-3362.7,-3434.3,-3538.6,-3680.2,-3865.1,-4101,-4396.7,-4760.7,-5198,-5703.7,-6255.4,-6806.1,-7285.7,-7615.7,-7733.6,-7615.7,-7285.7,-6806.1,-6255.4,-5703.7,-5198,-4760.7,-4396.7,-4101,-3865.1,-3680.2,-3538.6,-3434.3,-3362.7,-3321,-3221.3,-3234.5,-3274.3,-3342.6,-3442.1,-3576.9,-3752.8,-3976.6,-4256.3,-4599.7,-5010.5,-5483.8,-5998.3,-6510.1,-6954.9,-7260.5,-7369.7,-7260.5,-6954.9,-6510.1,-5998.3,-5483.8,-5010.5,-4599.7,-4256.3,-3976.6,-3752.8,-3576.9,-3442.1,-3342.6,-3274.3,-3234.5,-3122.9,-3135.3,-3173.1,-3237.7,-3331.7,-3459,-3624.6,-3834.9,-4097,-4417.4,-4799.2,-5237,-5710.8,-6180.5,-6587.5,-6866.6,-6966.3,-6866.6,-6587.5,-6180.5,-5710.8,-5237,-4799.2,-4417.4,-4097,-3834.9,-3624.6,-3459,-3331.7,-3237.7,-3173.1,-3135.3,-3014,-3025.7,-3061.1,-3121.8,-3209.9,-3329,-3483.6,-3679.5,-3922.7,-4218.7,-4569.8,-4970.5,-5401.8,-5827.5,-6195.3,-6447.1,-6536.8,-6447.1,-6195.3,-5827.5,-5401.8,-4970.5,-4569.8,-4218.7,-3922.7,-3679.5,-3483.6,-3329,-3209.9,-3121.8,-3061.1,-3025.7,-2896.9,-2907.8,-2940.8,-2997.2,-3079.2,-3189.7,-3332.9,-3513.7,-3737.4,-4008.4,-4328.2,-4691,-5079.5,-5461.2,-5789.6,-6014,-6093.9,-6014,-5789.6,-5461.2,-5079.5,-4691,-4328.2,-4008.4,-3737.4,-3513.7,-3332.9,-3189.7,-3079.2,-2997.2,-2940.8,-2907.8,-2773.7,-2783.7,-2814.3,-2866.4,-2942,-3043.8,-3175.4,-3341,-3545,-3791,-4079.6,-4405.1,-4751.6,-5090.3,-5380.5,-5578.3,-5648.6,-5578.3,-5380.5,-5090.3,-4751.6,-4405.1,-4079.6,-3791,-3545,-3341,-3175.4,-3043.8,-2942,-2866.4,-2814.3,-2783.7,-2646.4,-2655.6,-2683.7,-2731.5,-2800.8,-2893.9,-3013.9,-3164.4,-3349,-3570.5,-3828.8,-4118.3,-4424.7,-4722.4,-4976.5,-5149,-5210.3,-5149,-4976.5,-4722.4,-4424.7,-4118.3,-3828.8,-3570.5,-3349,-3164.4,-3013.9,-2893.9,-2800.8,-2731.5,-2683.7,-2655.6,-2516.9,-2525.3,-2550.9,-2594.5,-2657.6,-2742.2,-2850.9,-2986.7,-3152.6,-3350.5,-3580,-3835.5,-4104.2,-4363.8,-4584.3,-4733.6,-4786.5,-4733.6,-4584.3,-4363.8,-4104.2,-3835.5,-3580,-3350.5,-3152.6,-2986.7,-2850.9,-2742.2,-2657.6,-2594.5,-2550.9,-2525.3,-2387,-2394.6,-2417.8,-2457.4,-2514.4,-2590.7,-2688.5,-2810.3,-2958.4,-3134.1,-3336.6,-3560.6,-3794.5,-4019.2,-4209.1,-4337.3,-4382.7,-4337.3,-4209.1,-4019.2,-3794.5,-3560.6,-3336.6,-3134.1,-2958.4,-2810.3,-2688.5,-2590.7,-2514.4,-2457.4,-2417.8,-2394.6,-2258.1,-2265,-2285.9,-2321.5,-2372.8,-2441.3,-2528.8,-2637.3,-2768.7,-2923.7,-3101.3,-3296.4,-3498.8,-3692,-3854.6,-3963.9,-4002.5,-3963.9,-3854.6,-3692,-3498.8,-3296.4,-3101.3,-2923.7,-2768.7,-2637.3,-2528.8,-2441.3,-2372.8,-2321.5,-2285.9,-2265,-2131.4,-2137.6,-2156.4,-2188.3,-2234.1,-2295.3,-2373.1,-2469.3,-2585.2,-2721.3,-2876.1,-3045.1,-3219.3,-3384.6,-3522.9,-3615.5,-3648.2,-3615.5,-3522.9,-3384.6,-3219.3,-3045.1,-2876.1,-2721.3,-2585.2,-2469.3,-2373.1,-2295.3,-2234.1,-2188.3,-2156.4,-2137.6,-2008,-2013.6,-2030.3,-2058.7,-2099.6,-2153.8,-2222.8,-2307.6,-2409.4,-2528.1,-2662.5,-2808.1,-2957.3,-3098,-3215.1,-3293.3,-3320.8,-3293.3,-3215.1,-3098,-2957.3,-2808.1,-2662.5,-2528.1,-2409.4,-2307.6,-2222.8,-2153.8,-2099.6,-2058.7,-2030.3,-2013.6,-1888.8,-1893.7,-1908.6,-1933.8,-1969.9,-2017.9,-2078.6,-2153.1,-2242,-2345.2,-2461.2,-2586.3,-2713.5,-2832.7,-2931.5,-2997.2,-3020.3,-2997.2,-2931.5,-2832.7,-2713.5,-2586.3,-2461.2,-2345.2,-2242,-2153.1,-2078.6,-2017.9,-1969.9,-1933.8,-1908.6,-1893.7,-1774.2,-1778.5,-1791.7,-1813.9,-1845.8,-1888,-1941.3,-2006.4,-2083.7,-2173.1,-2272.9,-2379.8,-2487.9,-2588.6,-2671.6,-2726.6,-2745.9,-2726.6,-2671.6,-2588.6,-2487.9,-2379.8,-2272.9,-2173.1,-2083.7,-2006.4,-1941.3,-1888,-1845.8,-1813.9,-1791.7,-1778.5,-1664.7,-1668.6,-1680.1,-1699.7,-1727.7,-1764.7,-1811.2,-1867.9,-1934.9,-2011.9,-2097.5,-2188.6,-2280.1,-2364.9,-2434.5,-2480.5,-2496.6,-2480.5,-2434.5,-2364.9,-2280.1,-2188.6,-2097.5,-2011.9,-1934.9,-1867.9,-1811.2,-1764.7,-1727.7,-1699.7,-1680.1,-1668.6,-1560.7,-1564,-1574.2,-1591.3,-1615.8,-1648.1,-1688.6,-1737.7,-1795.5,-1861.7,-1934.8,-2012.2,-2089.5,-2160.7,-2218.9,-2257.2,-2270.6,-2257.2,-2218.9,-2160.7,-2089.5,-2012.2,-1934.8,-1861.7,-1795.5,-1737.7,-1688.6,-1648.1,-1615.8,-1591.3,-1574.2,-1564,-1462.2,-1465.1,-1474,-1488.9,-1510.2,-1538.3,-1573.4,-1615.8,-1665.6,-1722.3,-1784.5,-1850.1,-1915.2,-1974.8,-2023.4,-2055.2,-2066.4,-2055.2,-2023.4,-1974.8,-1915.2,-1850.1,-1784.5,-1722.3,-1665.6,-1615.8,-1573.4,-1538.3,-1510.2,-1488.9,-1474,-1465.1,-1369.2,-1371.8,-1379.5,-1392.5,-1411,-1435.2,-1465.6,-1502.1,-1544.8,-1593.1,-1646,-1701.4,-1756.1,-1806,-1846.4,-1872.9,-1882.1,-1872.9,-1846.4,-1806,-1756.1,-1701.4,-1646,-1593.1,-1544.8,-1502.1,-1465.6,-1435.2,-1411,-1392.5,-1379.5,-1371.8,-1281.8,-1284,-1290.7,-1301.9,-1317.9,-1338.8,-1364.9,-1396.3,-1432.7,-1473.9,-1518.7,-1565.3,-1611.2,-1652.8,-1686.5,-1708.4,-1716,-1708.4,-1686.5,-1652.8,-1611.2,-1565.3,-1518.7,-1473.9,-1432.7,-1396.3,-1364.9,-1338.8,-1317.9,-1301.9,-1290.7,-1284,-1199.8,-1201.7,-1207.4,-1217.1,-1230.9,-1248.9,-1271.2,-1298,-1329.1,-1364,-1401.8,-1441,-1479.4,-1514.1,-1542,-1560.1,-1566.4,-1560.1,-1542,-1514.1,-1479.4,-1441,-1401.8,-1364,-1329.1,-1298,-1271.2,-1248.9,-1230.9,-1217.1,-1207.4,-1201.7,-1123,-1124.6,-1129.6,-1137.9,-1149.7,-1165.1,-1184.2,-1207,-1233.3,-1262.9,-1294.7,-1327.6,-1359.6,-1388.4,-1411.5,-1426.5,-1431.7,-1426.5,-1411.5,-1388.4,-1359.6,-1327.6,-1294.7,-1262.9,-1233.3,-1207,-1184.2,-1165.1,-1149.7,-1137.9,-1129.6,-1124.6,-1051.2,-1052.6,-1056.9,-1064,-1074,-1087.1,-1103.4,-1122.7,-1145,-1169.9,-1196.6,-1224.1,-1250.7,-1274.6,-1293.7,-1306.1,-1310.4,-1306.1,-1293.7,-1274.6,-1250.7,-1224.1,-1196.6,-1169.9,-1145,-1122.7,-1103.4,-1087.1,-1074,-1064,-1056.9,-1052.6,-984.28,-985.47,-989.06,-995.1,-1003.6,-1014.8,-1028.5,-1044.8,-1063.6,-1084.5,-1106.8,-1129.7,-1151.8,-1171.6,-1187.3,-1197.5,-1201.1,-1197.5,-1187.3,-1171.6,-1151.8,-1129.7,-1106.8,-1084.5,-1063.6,-1044.8,-1028.5,-1014.8,-1003.6,-995.1,-989.06,-985.47,-921.86,-922.87,-925.9,-931,-938.21,-947.58,-959.14,-972.86,-988.59,-1006,-1024.6,-1043.7,-1062,-1078.3,-1091.2,-1099.6,-1102.5,-1099.6,-1091.2,-1078.3,-1062,-1043.7,-1024.6,-1006,-988.59,-972.86,-959.14,-947.58,-938.21,-931,-925.9,-922.87,-863.73,-864.57,-867.12,-871.39,-877.44,-885.29,-894.97,-906.43,-919.54,-934.04,-949.48,-965.19,-980.28,-993.69,-1004.3,-1011.1,-1013.5,-1011.1,-1004.3,-993.69,-980.28,-965.19,-949.48,-934.04,-919.54,-906.43,-894.97,-885.29,-877.44,-871.39,-867.12,-864.57,-809.62,-810.32,-812.44,-816.01,-821.04,-827.57,-835.61,-845.12,-855.98,-867.97,-880.7,-893.62,-906,-916.97,-925.64,-931.22,-933.14,-931.22,-925.64,-916.97,-906,-893.62,-880.7,-867.97,-855.98,-845.12,-835.61,-827.57,-821.04,-816.01,-812.44,-810.32,-759.28,-759.87,-761.62,-764.55,-768.7,-774.09,-780.71,-788.54,-797.47,-807.31,-817.74,-828.3,-838.4,-847.32,-854.37,-858.89,-860.45,-858.89,-854.37,-847.32,-838.4,-828.3,-817.74,-807.31,-797.47,-788.54,-780.71,-774.09,-768.7,-764.55,-761.62,-759.87,-712.47,-712.95,-714.37,-716.77,-720.15,-724.55,-729.95,-736.33,-743.6,-751.61,-760.09,-768.65,-776.82,-784.04,-789.72,-793.37,-794.63,-793.37,-789.72,-784.04,-776.82,-768.65,-760.09,-751.61,-743.6,-736.33,-729.95,-724.55,-720.15,-716.77,-714.37,-712.95
-708.13,-708.62,-710.1,-712.58,-716.11,-720.71,-726.41,-733.19,-740.98,-749.64,-758.88,-768.3,-777.37,-785.43,-791.83,-795.94,-797.37,-795.94,-791.83,-785.43,-777.37,-768.3,-758.88,-749.64,-740.98,-733.19,-726.41,-720.71,-716.11,-712.58,-710.1,-708.62,-754.17,-754.77,-756.59,-759.63,-763.96,-769.6,-776.59,-784.9,-794.47,-805.11,-816.49,-828.11,-839.31,-849.3,-857.23,-862.34,-864.11,-862.34,-857.23,-849.3,-839.31,-828.11,-816.49,-805.11,-794.47,-784.9,-776.59,-769.6,-763.96,-759.63,-756.59,-754.77,-803.62,-804.35,-806.55,-810.25,-815.49,-822.33,-830.81,-840.91,-852.55,-865.5,-879.39,-893.62,-907.37,-919.65,-929.42,-935.73,-937.92,-935.73,-929.42,-919.65,-907.37,-893.62,-879.39,-865.5,-852.55,-840.91,-830.81,-822.33,-815.49,-810.25,-806.55,-804.35,-856.72,-857.6,-860.23,-864.67,-870.97,-879.19,-889.39,-901.56,-915.6,-931.27,-948.12,-965.42,-982.19,-997.21,-1009.2,-1016.9,-1019.6,-1016.9,-1009.2,-997.21,-982.19,-965.42,-948.12,-931.27,-915.6,-901.56,-889.39,-879.19,-870.97,-864.67,-860.23,-857.6,-913.71,-914.75,-917.89,-923.17,-930.68,-940.48,-952.66,-967.22,-984.06,-1002.9,-1023.2,-1044.2,-1064.5,-1082.8,-1097.5,-1106.9,-1110.2,-1106.9,-1097.5,-1082.8,-1064.5,-1044.2,-1023.2,-1002.9,-984.06,-967.22,-952.66,-940.48,-930.68,-923.17,-917.89,-914.75,-974.82,-976.05,-979.76,-986.01,-994.89,-1006.5,-1021,-1038.3,-1058.4,-1080.9,-1105.3,-1130.5,-1155.2,-1177.4,-1195.2,-1206.8,-1210.8,-1206.8,-1195.2,-1177.4,-1155.2,-1130.5,-1105.3,-1080.9,-1058.4,-1038.3,-1021,-1006.5,-994.89,-986.01,-979.76,-976.05,-1040.3,-1041.7,-1046.1,-1053.4,-1063.9,-1077.6,-1094.7,-1115.2,-1139,-1165.8,-1195,-1225.3,-1255,-1281.9,-1303.5,-1317.6,-1322.5,-1317.6,-1303.5,-1281.9,-1255,-1225.3,-1195,-1165.8,-1139,-1115.2,-1094.7,-1077.6,-1063.9,-1053.4,-1046.1,-1041.7,-1110.4,-1112,-1117.1,-1125.7,-1138,-1154,-1174.1,-1198.2,-1226.4,-1258.3,-1293,-1329.2,-1364.9,-1397.4,-1423.6,-1440.7,-1446.7,-1440.7,-1423.6,-1397.4,-1364.9,-1329.2,-1293,-1258.3,-1226.4,-1198.2,-1174.1,-1154,-1138,-1125.7,-1117.1,-1112,-1185.2,-1187.2,-1193.1,-1203.1,-1217.4,-1236.1,-1259.6,-1287.9,-1321.1,-1358.7,-1400,-1443.3,-1486.1,-1525.2,-1556.9,-1577.6,-1584.9,-1577.6,-1556.9,-1525.2,-1486.1,-1443.3,-1400,-1358.7,-1321.1,-1287.9,-1259.6,-1236.1,-1217.4,-1203.1,-1193.1,-1187.2,-1265.1,-1267.3,-1274.2,-1285.8,-1302.4,-1324.1,-1351.5,-1384.6,-1423.5,-1467.9,-1516.7,-1568.2,-1619.4,-1666.4,-1704.7,-1729.9,-1738.6,-1729.9,-1704.7,-1666.4,-1619.4,-1568.2,-1516.7,-1467.9,-1423.5,-1384.6,-1351.5,-1324.1,-1302.4,-1285.8,-1274.2,-1267.3,-1350.1,-1352.7,-1360.6,-1374,-1393.1,-1418.3,-1450,-1488.6,-1534.1,-1586.2,-1643.9,-1705,-1766.1,-1822.6,-1868.7,-1899.1,-1909.7,-1899.1,-1868.7,-1822.6,-1766.1,-1705,-1643.9,-1586.2,-1534.1,-1488.6,-1450,-1418.3,-1393.1,-1374,-1360.6,-1352.7,-1440.3,-1443.3,-1452.4,-1467.7,-1489.7,-1518.8,-1555.5,-1600.2,-1653.2,-1714.2,-1782.1,-1854.5,-1927.3,-1994.9,-2050.4,-2087.2,-2100,-2087.2,-2050.4,-1994.9,-1927.3,-1854.5,-1782.1,-1714.2,-1653.2,-1600.2,-1555.5,-1518.8,-1489.7,-1467.7,-1452.4,-1443.3,-1535.7,-1539.2,-1549.6,-1567.2,-1592.4,-1625.8,-1668,-1719.7,-1781.3,-1852.4,-1932.1,-2017.6,-2104.2,-2185,-2251.7,-2295.9,-2311.4,-2295.9,-2251.7,-2185,-2104.2,-2017.6,-1932.1,-1852.4,-1781.3,-1719.7,-1668,-1625.8,-1592.4,-1567.2,-1549.6,-1539.2,-1636.4,-1640.3,-1652.2,-1672.2,-1701,-1739.2,-1787.7,-1847.2,-1918.4,-2001.2,-2094.4,-2195.1,-2297.7,-2394.1,-2474,-2527.3,-2546,-2527.3,-2474,-2394.1,-2297.7,-2195.1,-2094.4,-2001.2,-1918.4,-1847.2,-1787.7,-1739.2,-1701,-1672.2,-1652.2,-1640.3,-1742.1,-1746.6,-1760,-1782.7,-1815.5,-1859,-1914.4,-1982.7,-2064.7,-2160.7,-2269.4,-2387.6,-2508.9,-2623.5,-2719.1,-2783,-2805.6,-2783,-2719.1,-2623.5,-2508.9,-2387.6,-2269.4,-2160.7,-2064.7,-1982.7,-1914.4,-1859,-1815.5,-1782.7,-1760,-1746.6,-1852.6,-1857.6,-1872.8,-1898.5,-1935.5,-1984.9,-2048,-2126,-2220.1,-2330.9,-2457.2,-2595.5,-2738.4,-2874.3,-2988.4,-3064.9,-3092,-3064.9,-2988.4,-2874.3,-2738.4,-2595.5,-2457.2,-2330.9,-2220.1,-2126,-2048,-1984.9,-1935.5,-1898.5,-1872.8,-1857.6,-1967.4,-1973,-1990.1,-2019,-2060.7,-2116.6,-2188,-2276.7,-2384.3,-2511.6,-2657.8,-2818.9,-2986.7,-3147.4,-3282.9,-3374.3,-3406.6,-3374.3,-3282.9,-3147.4,-2986.7,-2818.9,-2657.8,-2511.6,-2384.3,-2276.7,-2188,-2116.6,-2060.7,-2019,-1990.1,-1973,-2086,-2092.2,-2111.3,-2143.7,-2190.5,-2253.2,-2333.7,-2434.1,-2556.5,-2702.2,-2870.6,-3057.6,-3253.7,-3442.9,-3603.4,-3712,-3750.5,-3712,-3603.4,-3442.9,-3253.7,-3057.6,-2870.6,-2702.2,-2556.5,-2434.1,-2333.7,-2253.2,-2190.5,-2143.7,-2111.3,-2092.2,-2207.5,-2214.4,-2235.6,-2271.7,-2323.9,-2394.1,-2484.4,-2597.5,-2736,-2901.8,-3094.9,-3310.8,-3539,-3760.5,-3949.6,-4078.1,-4123.7,-4078.1,-3949.6,-3760.5,-3539,-3310.8,-3094.9,-2901.8,-2736,-2597.5,-2484.4,-2394.1,-2323.9,-2271.7,-2235.6,-2214.4,-2330.9,-2338.6,-2362,-2402,-2460,-2538,-2638.8,-2765.4,-2921.3,-3109.1,-3329.1,-3577.1,-3841.1,-4099.2,-4320.7,-4471.8,-4525.6,-4471.8,-4320.7,-4099.2,-3841.1,-3577.1,-3329.1,-3109.1,-2921.3,-2765.4,-2638.8,-2538,-2460,-2402,-2362,-2338.6,-2455.1,-2463.6,-2489.4,-2533.4,-2597.4,-2683.6,-2795.4,-2936.3,-3110.7,-3322,-3571.3,-3854.3,-4157.8,-4456.5,-4714.4,-4890.9,-4953.9,-4890.9,-4714.4,-4456.5,-4157.8,-3854.3,-3571.3,-3322,-3110.7,-2936.3,-2795.4,-2683.6,-2597.4,-2533.4,-2489.4,-2463.6,-2578.6,-2587.9,-2616.1,-2664.4,-2734.5,-2829.3,-2952.4,-3108.3,-3302.1,-3538.2,-3818.7,-4139.4,-4485.9,-4829.2,-5127,-5331.6,-5404.7,-5331.6,-5127,-4829.2,-4485.9,-4139.4,-3818.7,-3538.2,-3302.1,-3108.3,-2952.4,-2829.3,-2734.5,-2664.4,-2616.1,-2587.9,-2699.9,-2710,-2740.7,-2793.1,-2869.5,-2973,-3107.7,-3279,-3492.8,-3754.8,-4068,-4428.7,-4821,-5212.2,-5553.2,-5788.3,-5872.4,-5788.3,-5553.2,-5212.2,-4821,-4428.7,-4068,-3754.8,-3492.8,-3279,-3107.7,-2973,-2869.5,-2793.1,-2740.7,-2710,-2817.2,-2828,-2861.1,-2917.8,-3000.4,-3112.6,-3258.9,-3445.7,-3679.8,-3968.2,-4315,-4717.1,-5157.4,-5599.1,-5985.8,-6253.2,-6349,-6253.2,-5985.8,-5599.1,-5157.4,-4717.1,-4315,-3968.2,-3679.8,-3445.7,-3258.9,-3112.6,-3000.4,-2917.8,-2861.1,-2828,-2928.4,-2940.1,-2975.5,-3036.3,-3125,-3245.6,-3403.4,-3605.4,-3859.6,-4174.3,-4555,-4999.1,-5488.4,-5981.9,-6415.8,-6716.6,-6824.5,-6716.6,-6415.8,-5981.9,-5488.4,-4999.1,-4555,-4174.3,-3859.6,-3605.4,-3403.4,-3245.6,-3125,-3036.3,-2975.5,-2940.1,-3031.7,-3044.1,-3081.8,-3146.5,-3241,-3369.7,-3538.4,-3755,-4028.6,-4368.9,-4782.7,-5268.2,-5806.2,-6351.4,-6832.5,-7166.6,-7286.6,-7166.6,-6832.5,-6351.4,-5806.2,-5268.2,-4782.7,-4368.9,-4028.6,-3755,-3538.4,-3369.7,-3241,-3146.5,-3081.8,-3044.1,-3125,-3138,-3177.8,-3246.1,-3346,-3482.1,-3661,-3891.1,-4182.9,-4547.2,-4992.4,-5517.4,-6102.1,-6697.1,-7223.7,-7590.1,-7721.7,-7590.1,-7223.7,-6697.1,-6102.1,-5517.4,-4992.4,-4547.2,-4182.9,-3891.1,-3661,-3482.1,-3346,-3246.1,-3177.8,-3138,-3206.3,-3220,-3261.6,-3333,-3437.6,-3580.4,-3768.3,-4010.7,-4318.7,-4704.7,-5178.4,-5739.5,-6367,-7007.9,-7576.6,-7972.7,-8115.1,-7972.7,-7576.6,-7007.9,-6367,-5739.5,-5178.4,-4704.7,-4318.7,-4010.7,-3768.3,-3580.4,-3437.6,-3333,-3261.6,-3220,-3273.8,-3288,-3331.2,-3405.3,-3513.9,-3662.3,-3857.9,-4110.5,-4432.5,-4837,-5335.1,-5927.3,-6592,-7272.9,-7878.2,-8300.2,-8451.9,-8300.2,-7878.2,-7272.9,-6592,-5927.3,-5335.1,-4837,-4432.5,-4110.5,-3857.9,-3662.3,-3513.9,-3405.3,-3331.2,-3288,-3326,-3340.5,-3384.9,-3461.2,-3572.9,-3725.7,-3927.3,-4188,-4520.9,-4940.1,-5457.6,-6074.7,-6769.1,-7482,-8116.6,-8559.3,-8718.5,-8559.3,-8116.6,-7482,-6769.1,-6074.7,-5457.6,-4940.1,-4520.9,-4188,-3927.3,-3725.7,-3572.9,-3461.2,-3384.9,-3340.5,-3361.5,-3376.3,-3421.5,-3499.2,-3613.1,-3768.9,-3974.6,-4241,-4581.4,-5010.8,-5541.7,-6176.1,-6891.2,-7626.5,-8281.6,-8738.8,-8903.3,-8738.8,-8281.6,-7626.5,-6891.2,-6176.1,-5541.7,-5010.8,-4581.4,-4241,-3974.6,-3768.9,-3613.1,-3499.2,-3421.5,-3376.3,-3379.5,-3394.4,-3440.1,-3518.5,-3633.5,-3790.8,-3998.6,-4267.8,-4612.1,-5046.7,-5584.6,-6227.8,-6953.6,-7700.4,-8366.1,-8830.7,-8997.9,-8830.7,-8366.1,-7700.4,-6953.6,-6227.8,-5584.6,-5046.7,-4612.1,-4267.8,-3998.6,-3790.8,-3633.5,-3518.5,-3440.1,-3394.4,-3379.5,-3394.4,-3440.1,-3518.5,-3633.5,-3790.8,-3998.6,-4267.8,-4612.1,-5046.7,-5584.6,-6227.8,-6953.6,-7700.4,-8366.1,-8830.7,-8997.9,-8830.7,-8366.1,-7700.4,-6953.6,-6227.8,-5584.6,-5046.7,-4612.1,-4267.8,-3998.6,-3790.8,-3633.5,-3518.5,-3440.1,-3394.4,-3361.5,-3376.3,-3421.5,-3499.2,-3613.1,-3768.9,-3974.6,-4241,-4581.4,-5010.8,-5541.7,-6176.1,-6891.2,-7626.5,-8281.6,-8738.8,-8903.3,-8738.8,-8281.6,-7626.5,-6891.2,-6176.1,-5541.7,-5010.8,-4581.4,-4241,-3974.6,-3768.9,-3613.1,-3499.2,-3421.5,-3376.3,-3326,-3340.5,-3384.9,-3461.2,-3572.9,-3725.7,-3927.3,-4188,-4520.9,-4940.1,-5457.6,-6074.7,-6769.1,-7482,-8116.6,-8559.3,-8718.5,-8559.3,-8116.6,-7482,-6769.1,-6074.7,-5457.6,-4940.1,-4520.9,-4188,-3927.3,-3725.7,-3572.9,-3461.2,-3384.9,-3340.5,-3273.8,-3288,-3331.2,-3405.3,-3513.9,-3662.3,-3857.9,-4110.5,-4432.5,-4837,-5335.1,-5927.3,-6592,-7272.9,-7878.2,-8300.2,-8451.9,-8300.2,-7878.2,-7272.9,-6592,-5927.3,-5335.1,-4837,-4432.5,-4110.5,-3857.9,-3662.3,-3513.9,-3405.3,-3331.2,-3288,-3206.3,-3220,-3261.6,-3333,-3437.6,-3580.4,-3768.3,-4010.7,-4318.7,-4704.7,-5178.4,-5739.5,-6367,-7007.9,-7576.6,-7972.7,-8115.1,-7972.7,-7576.6,-7007.9,-6367,-5739.5,-5178.4,-4704.7,-4318.7,-4010.7,-3768.3,-3580.4,-3437.6,-3333,-3261.6,-3220,-3125,-3138,-3177.8,-3246.1,-3346,-3482.1,-3661,-3891.1,-4182.9,-4547.2,-4992.4,-5517.4,-6102.1,-6697.1,-7223.7,-7590.1,-7721.7,-7590.1,-7223.7,-6697.1,-6102.1,-5517.4,-4992.4,-4547.2,-4182.9,-3891.1,-3661,-3482.1,-3346,-3246.1,-3177.8,-3138,-3031.7,-3044.1,-3081.8,-3146.5,-3241,-3369.7,-3538.4,-3755,-4028.6,-4368.9,-4782.7,-5268.2,-5806.2,-6351.4,-6832.5,-7166.6,-7286.6,-7166.6,-6832.5,-6351.4,-5806.2,-5268.2,-4782.7,-4368.9,-4028.6,-3755,-3538.4,-3369.7,-3241,-3146.5,-3081.8,-3044.1,-2928.4,-2940.1,-2975.5,-3036.3,-3125,-3245.6,-3403.4,-3605.4,-3859.6,-4174.3,-4555,-4999.1,-5488.4,-5981.9,-6415.8,-6716.6,-6824.5,-6716.6,-6415.8,-5981.9,-5488.4,-4999.1,-4555,-4174.3,-3859.6,-3605.4,-3403.4,-3245.6,-3125,-3036.3,-2975.5,-2940.1,-2817.2,-2828,-2861.1,-2917.8,-3000.4,-3112.6,-3258.9,-3445.7,-3679.8,-3968.2,-4315,-4717.1,-5157.4,-5599.1,-5985.8,-6253.2,-6349,-6253.2,-5985.8,-5599.1,-5157.4,-4717.1,-4315,-3968.2,-3679.8,-3445.7,-3258.9,-3112.6,-3000.4,-2917.8,-2861.1,-2828,-2699.9,-2710,-2740.7,-2793.1,-2869.5,-2973,-3107.7,-3279,-3492.8,-3754.8,-4068,-4428.7,-4821,-5212.2,-5553.2,-5788.3,-5872.4,-5788.3,-5553.2,-5212.2,-4821,-4428.7,-4068,-3754.8,-3492.8,-3279,-3107.7,-2973,-2869.5,-2793.1,-2740.7,-2710,-2578.6,-2587.9,-2616.1,-2664.4,-2734.5,-2829.3,-2952.4,-3108.3,-3302.1,-3538.2,-3818.7,-4139.4,-4485.9,-4829.2,-5127,-5331.6,-5404.7,-5331.6,-5127,-4829.2,-4485.9,-4139.4,-3818.7,-3538.2,-3302.1,-3108.3,-2952.4,-2829.3,-2734.5,-2664.4,-2616.1,-2587.9,-2455.1,-2463.6,-2489.4,-2533.4,-2597.4,-2683.6,-2795.4,-2936.3,-3110.7,-3322,-3571.3,-3854.3,-4157.8,-4456.5,-4714.4,-4890.9,-4953.9,-4890.9,-4714.4,-4456.5,-4157.8,-3854.3,-3571.3,-3322,-3110.7,-2936.3,-2795.4,-2683.6,-2597.4,-2533.4,-2489.4,-2463.6,-2330.9,-2338.6,-2362,-2402,-2460,-2538,-2638.8,-2765.4,-2921.3,-3109.1,-3329.1,-3577.1,-3841.1,-4099.2,-4320.7,-4471.8,-4525.6,-4471.8,-4320.7,-4099.2,-3841.1,-3577.1,-3329.1,-3109.1,-2921.3,-2765.4,-2638.8,-2538,-2460,-2402,-2362,-2338.6,-2207.5,-2214.4,-2235.6,-2271.7,-2323.9,-2394.1,-2484.4,-2597.5,-2736,-2901.8,-3094.9,-3310.8,-3539,-3760.5,-3949.6,-4078.1,-4123.7,-4078.1,-3949.6,-3760.5,-3539,-3310.8,-3094.9,-2901.8,-2736,-2597.5,-2484.4,-2394.1,-2323.9,-2271.7,-2235.6,-2214.4,-2086,-2092.2,-2111.3,-2143.7,-2190.5,-2253.2,-2333.7,-2434.1,-2556.5,-2702.2,-2870.6,-3057.6,-3253.7,-3442.9,-3603.4,-3712,-3750.5,-3712,-3603.4,-3442.9,-3253.7,-3057.6,-2870.6,-2702.2,-2556.5,-2434.1,-2333.7,-2253.2,-2190.5,-2143.7,-2111.3,-2092.2,-1967.4,-1973,-1990.1,-2019,-2060.7,-2116.6,-2188,-2276.7,-2384.3,-2511.6,-2657.8,-2818.9,-2986.7,-3147.4,-3282.9,-3374.3,-3406.6,-3374.3,-3282.9,-3147.4,-2986.7,-2818.9,-2657.8,-2511.6,-2384.3,-2276.7,-2188,-2116.6,-2060.7,-2019,-1990.1,-1973,-1852.6,-1857.6,-1872.8,-1898.5,-1935.5,-1984.9,-2048,-2126,-2220.1,-2330.9,-2457.2,-2595.5,-2738.4,-2874.3,-2988.4,-3064.9,-3092,-3064.9,-2988.4,-2874.3,-2738.4,-2595.5,-2457.2,-2330.9,-2220.1,-2126,-2048,-1984.9,-1935.5,-1898.5,-1872.8,-1857.6,-1742.1,-1746.6,-1760,-1782.7,-1815.5,-1859,-1914.4,-1982.7,-2064.7,-2160.7,-2269.4,-2387.6,-2508.9,-2623.5,-2719.1,-2783,-2805.6,-2783,-2719.1,-2623.5,-2508.9,-2387.6,-2269.4,-2160.7,-2064.7,-1982.7,-1914.4,-1859,-1815.5,-1782.7,-1760,-1746.6,-1636.4,-1640.3,-1652.2,-1672.2,-1701,-1739.2,-1787.7,-1847.2,-1918.4,-2001.2,-2094.4,-2195.1,-2297.7,-2394.1,-2474,-2527.3,-2546,-2527.3,-2474,-2394.1,-2297.7,-2195.1,-2094.4,-2001.2,-1918.4,-1847.2,-1787.7,-1739.2,-1701,-1672.2,-1652.2,-1640.3,-1535.7,-1539.2,-1549.6,-1567.2,-1592.4,-1625.8,-1668,-1719.7,-1781.3,-1852.4,-1932.1,-2017.6,-2104.2,-2185,-2251.7,-2295.9,-2311.4,-2295.9,-2251.7,-2185,-2104.2,-2017.6,-1932.1,-1852.4,-1781.3,-1719.7,-1668,-1625.8,-1592.4,-1567.2,-1549.6,-1539.2,-1440.3,-1443.3,-1452.4,-1467.7,-1489.7,-1518.8,-1555.5,-1600.2,-1653.2,-1714.2,-1782.1,-1854.5,-1927.3,-1994.9,-2050.4,-2087.2,-2100,-2087.2,-2050.4,-1994.9,-1927.3,-1854.5,-1782.1,-1714.2,-1653.2,-1600.2,-1555.5,-1518.8,-1489.7,-1467.7,-1452.4,-1443.3,-1350.1,-1352.7,-1360.6,-1374,-1393.1,-1418.3,-1450,-1488.6,-1534.1,-1586.2,-1643.9,-1705,-1766.1,-1822.6,-1868.7,-1899.1,-1909.7,-1899.1,-1868.7,-1822.6,-1766.1,-1705,-1643.9,-1586.2,-1534.1,-1488.6,-1450,-1418.3,-1393.1,-1374,-1360.6,-1352.7,-1265.1,-1267.3,-1274.2,-1285.8,-1302.4,-1324.1,-1351.5,-1384.6,-1423.5,-1467.9,-1516.7,-1568.2,-1619.4,-1666.4,-1704.7,-1729.9,-1738.6,-1729.9,-1704.7,-1666.4,-1619.4,-1568.2,-1516.7,-1467.9,-1423.5,-1384.6,-1351.5,-1324.1,-1302.4,-1285.8,-1274.2,-1267.3,-1185.2,-1187.2,-1193.1,-1203.1,-1217.4,-1236.1,-1259.6,-1287.9,-1321.1,-1358.7,-1400,-1443.3,-1486.1,-1525.2,-1556.9,-1577.6,-1584.9,-1577.6,-1556.9,-1525.2,-1486.1,-1443.3,-1400,-1358.7,-1321.1,-1287.9,-1259.6,-1236.1,-1217.4,-1203.1,-1193.1,-1187.2,-1110.4,-1112,-1117.1,-1125.7,-1138,-1154,-1174.1,-1198.2,-1226.4,-1258.3,-1293,-1329.2,-1364.9,-1397.4,-1423.6,-1440.7,-1446.7,-1440.7,-1423.6,-1397.4,-1364.9,-1329.2,-1293,-1258.3,-1226.4,-1198.2,-1174.1,-1154,-1138,-1125.7,-1117.1,-1112,-1040.3,-1041.7,-1046.1,-1053.4,-1063.9,-1077.6,-1094.7,-1115.2,-1139,-1165.8,-1195,-1225.3,-1255,-1281.9,-1303.5,-1317.6,-1322.5,-1317.6,-1303.5,-1281.9,-1255,-1225.3,-1195,-1165.8,-1139,-1115.2,-1094.7,-1077.6,-1063.9,-1053.4,-1046.1,-1041.7,-974.82,-976.05,-979.76,-986.01,-994.89,-1006.5,-1021,-1038.3,-1058.4,-1080.9,-1105.3,-1130.5,-1155.2,-1177.4,-1195.2,-1206.8,-1210.8,-1206.8,-1195.2,-1177.4,-1155.2,-1130.5,-1105.3,-1080.9,-1058.4,-1038.3,-1021,-1006.5,-994.89,-986.01,-979.76,-976.05,-913.71,-914.75,-917.89,-923.17,-930.68,-940.48,-952.66,-967.22,-984.06,-1002.9,-1023.2,-1044.2,-1064.5,-1082.8,-1097.5,-1106.9,-1110.2,-1106.9,-1097.5,-1082.8,-1064.5,-1044.2,-1023.2,-1002.9,-984.06,-967.22,-952.66,-940.48,-930.68,-923.17,-917.89,-914.75,-856.72,-857.6,-860.23,-864.67,-870.97,-879.19,-889.39,-901.56,-915.6,-931.27,-948.12,-965.42,-982.19,-997.21,-1009.2,-1016.9,-1019.6,-1016.9,-1009.2,-997.21,-982.19,-965.42,-948.12,-931.27,-915.6,-901.56,-889.39,-879.19,-870.97,-864.67,-860.23,-857.6,-803.62,-804.35,-806.55,-810.25,-815.49,-822.33,-830.81,-840.91,-852.55,-865.5,-879.39,-893.62,-907.37,-919.65,-929.42,-935.73,-937.92,-935.73,-929.42,-919.65,-907.37,-893.62,-879.39,-865.5,-852.55,-840.91,-830.81,-822.33,-815.49,-810.25,-806.55,-804.35,-754.17,-754.77,-756.59,-759.63,-763.96,-769.6,-776.59,-784.9,-794.47,-805.11,-816.49,-828.11,-839.31,-849.3,-857.23,-862.34,-864.11,-862.34,-857.23,-849.3,-839.31,-828.11,-816.49,-805.11,-794.47,-784.9,-776.59,-769.6,-763.96,-759.63,-756.59,-754.77,-708.13,-708.62,-710.1,-712.58,-716.11,-720.71,-726.41,-733.19,-740.98,-749.64,-758.88,-768.3,-777.37,-785.43,-791.83,-795.94,-797.37,-795.94,-791.83,-785.43,-777.37,-768.3,-758.88,-749.64,-740.98,-733.19,-726.41,-720.71,-716.11,-712.58,-710.1,-708.62
-703.77,-704.27,-705.79,-708.34,-711.99,-716.77,-722.72,-729.87,-738.15,-747.43,-757.43,-767.71,-777.69,-786.64,-793.77,-798.38,-799.98,-798.38,-793.77,-786.64,-777.69,-767.71,-757.43,-747.43,-738.15,-729.87,-722.72,-716.77,-711.99,-708.34,-705.79,-704.27,-749.05,-749.66,-751.52,-754.66,-759.13,-765,-772.31,-781.07,-791.24,-802.64,-814.95,-827.64,-839.98,-851.06,-859.92,-865.65,-867.64,-865.65,-859.92,-851.06,-839.98,-827.64,-814.95,-802.64,-791.24,-781.07,-772.31,-765,-759.13,-754.66,-751.52,-749.66,-797.63,-798.37,-800.63,-804.44,-809.86,-816.97,-825.84,-836.48,-848.84,-862.73,-877.76,-893.3,-908.45,-922.09,-933.02,-940.1,-942.56,-940.1,-933.02,-922.09,-908.45,-893.3,-877.76,-862.73,-848.84,-836.48,-825.84,-816.97,-809.86,-804.44,-800.63,-798.37,-849.73,-850.63,-853.34,-857.91,-864.42,-872.96,-883.62,-896.43,-911.35,-928.15,-946.37,-965.28,-983.77,-1000.5,-1013.9,-1022.6,-1025.6,-1022.6,-1013.9,-1000.5,-983.77,-965.28,-946.37,-928.15,-911.35,-896.43,-883.62,-872.96,-864.42,-857.91,-853.34,-850.63,-905.59,-906.65,-909.88,-915.32,-923.07,-933.25,-945.98,-961.3,-979.17,-999.37,-1021.3,-1044.2,-1066.7,-1087.1,-1103.5,-1114.2,-1117.9,-1114.2,-1103.5,-1087.1,-1066.7,-1044.2,-1021.3,-999.37,-979.17,-961.3,-945.98,-933.25,-923.07,-915.32,-909.88,-906.65,-965.41,-966.67,-970.48,-976.91,-986.08,-998.14,-1013.2,-1031.4,-1052.7,-1076.9,-1103.3,-1130.9,-1158.1,-1182.8,-1202.8,-1215.9,-1220.4,-1215.9,-1202.8,-1182.8,-1158.1,-1130.9,-1103.3,-1076.9,-1052.7,-1031.4,-1013.2,-998.14,-986.08,-976.91,-970.48,-966.67,-1029.4,-1030.9,-1035.4,-1042.9,-1053.7,-1067.9,-1085.7,-1107.2,-1132.5,-1161.3,-1192.8,-1225.9,-1258.7,-1288.7,-1313.1,-1329,-1334.6,-1329,-1313.1,-1288.7,-1258.7,-1225.9,-1192.8,-1161.3,-1132.5,-1107.2,-1085.7,-1067.9,-1053.7,-1042.9,-1035.4,-1030.9,-1097.8,-1099.6,-1104.8,-1113.6,-1126.2,-1142.9,-1163.7,-1189.1,-1218.9,-1253,-1290.6,-1330.3,-1369.7,-1406,-1435.5,-1454.9,-1461.7,-1454.9,-1435.5,-1406,-1369.7,-1330.3,-1290.6,-1253,-1218.9,-1189.1,-1163.7,-1142.9,-1126.2,-1113.6,-1104.8,-1099.6,-1170.8,-1172.8,-1178.9,-1189.2,-1203.8,-1223.2,-1247.6,-1277.4,-1312.5,-1352.7,-1397.4,-1444.7,-1492.1,-1535.8,-1571.6,-1595.2,-1603.4,-1595.2,-1571.6,-1535.8,-1492.1,-1444.7,-1397.4,-1352.7,-1312.5,-1277.4,-1247.6,-1223.2,-1203.8,-1189.2,-1178.9,-1172.8,-1248.6,-1250.9,-1257.9,-1269.8,-1286.8,-1309.3,-1337.7,-1372.4,-1413.5,-1461,-1513.8,-1570.1,-1626.9,-1679.5,-1722.8,-1751.4,-1761.5,-1751.4,-1722.8,-1679.5,-1626.9,-1570.1,-1513.8,-1461,-1413.5,-1372.4,-1337.7,-1309.3,-1286.8,-1269.8,-1257.9,-1250.9,-1331.2,-1333.9,-1342,-1355.6,-1375.3,-1401.3,-1434.2,-1474.5,-1522.6,-1578.2,-1640.6,-1707.5,-1775.3,-1838.6,-1890.9,-1925.5,-1937.7,-1925.5,-1890.9,-1838.6,-1775.3,-1707.5,-1640.6,-1578.2,-1522.6,-1474.5,-1434.2,-1401.3,-1375.3,-1355.6,-1342,-1333.9,-1418.8,-1421.9,-1431.1,-1446.8,-1469.3,-1499.3,-1537.3,-1584,-1639.9,-1705.1,-1778.4,-1857.7,-1938.5,-2014.4,-2077.5,-2119.5,-2134.2,-2119.5,-2077.5,-2014.4,-1938.5,-1857.7,-1778.4,-1705.1,-1639.9,-1584,-1537.3,-1499.3,-1469.3,-1446.8,-1431.1,-1421.9,-1511.3,-1514.8,-1525.4,-1543.3,-1569.1,-1603.4,-1647.2,-1701.1,-1765.9,-1841.8,-1927.9,-2021.6,-2117.7,-2208.6,-2284.5,-2335.2,-2353.1,-2335.2,-2284.5,-2208.6,-2117.7,-2021.6,-1927.9,-1841.8,-1765.9,-1701.1,-1647.2,-1603.4,-1569.1,-1543.3,-1525.4,-1514.8,-1608.8,-1612.7,-1624.7,-1645.1,-1674.5,-1713.7,-1763.8,-1825.8,-1900.7,-1988.9,-2089.6,-2199.9,-2314,-2422.6,-2513.8,-2575,-2596.6,-2575,-2513.8,-2422.6,-2314,-2199.9,-2089.6,-1988.9,-1900.7,-1825.8,-1763.8,-1713.7,-1674.5,-1645.1,-1624.7,-1612.7,-1710.9,-1715.4,-1729,-1752.1,-1785.4,-1830,-1887.1,-1958.1,-2044.4,-2146.5,-2263.8,-2393.3,-2528.3,-2657.7,-2767,-2840.8,-2866.9,-2840.8,-2767,-2657.7,-2528.3,-2393.3,-2263.8,-2146.5,-2044.4,-1958.1,-1887.1,-1830,-1785.4,-1752.1,-1729,-1715.4,-1817.5,-1822.5,-1837.8,-1863.9,-1901.5,-1952,-2016.9,-2097.9,-2196.7,-2314.5,-2450.7,-2602.3,-2761.5,-2915.3,-3045.9,-3134.5,-3165.9,-3134.5,-3045.9,-2915.3,-2761.5,-2602.3,-2450.7,-2314.5,-2196.7,-2097.9,-2016.9,-1952,-1901.5,-1863.9,-1837.8,-1822.5,-1928,-1933.7,-1950.8,-1980.1,-2022.4,-2079.4,-2152.7,-2244.7,-2357.4,-2492.6,-2650.3,-2826.9,-3014,-3196,-3351.8,-3457.8,-3495.5,-3457.8,-3351.8,-3196,-3014,-2826.9,-2650.3,-2492.6,-2357.4,-2244.7,-2152.7,-2079.4,-2022.4,-1980.1,-1950.8,-1933.7,-2041.9,-2048.3,-2067.4,-2100.1,-2147.5,-2211.4,-2293.9,-2397.8,-2525.9,-2680.4,-2861.9,-3066.9,-3285.8,-3500.5,-3685.3,-3811.7,-3856.8,-3811.7,-3685.3,-3500.5,-3285.8,-3066.9,-2861.9,-2680.4,-2525.9,-2397.8,-2293.9,-2211.4,-2147.5,-2100.1,-2067.4,-2048.3,-2158.5,-2165.5,-2186.8,-2223.1,-2275.9,-2347.2,-2439.6,-2556.4,-2701.1,-2876.8,-3084.7,-3321.5,-3576.4,-3828.4,-4046.7,-4196.7,-4250.3,-4196.7,-4046.7,-3828.4,-3576.4,-3321.5,-3084.7,-2876.8,-2701.1,-2556.4,-2439.6,-2347.2,-2275.9,-2223.1,-2186.8,-2165.5,-2276.8,-2284.5,-2308,-2348.2,-2406.6,-2485.7,-2588.6,-2719.1,-2881.7,-3080.4,-3317.2,-3589.2,-3884.5,-4178.6,-4435,-4611.9,-4675.3,-4611.9,-4435,-4178.6,-3884.5,-3589.2,-3317.2,-3080.4,-2881.7,-2719.1,-2588.6,-2485.7,-2406.6,-2348.2,-2308,-2284.5,-2395.5,-2404,-2429.8,-2474,-2538.4,-2625.7,-2739.5,-2884.5,-3066.1,-3289.4,-3557.5,-3868,-4207.8,-4548.8,-4848,-5055.3,-5129.7,-5055.3,-4848,-4548.8,-4207.8,-3868,-3557.5,-3289.4,-3066.1,-2884.5,-2739.5,-2625.7,-2538.4,-2474,-2429.8,-2404,-2513.5,-2522.8,-2550.9,-2599.2,-2669.7,-2765.4,-2890.6,-3050.7,-3252.1,-3501.4,-3802.9,-4154.7,-4543,-4935.7,-5282.1,-5523.1,-5609.7,-5523.1,-5282.1,-4935.7,-4543,-4154.7,-3802.9,-3501.4,-3252.1,-3050.7,-2890.6,-2765.4,-2669.7,-2599.2,-2550.9,-2522.8,-2629.1,-2639.2,-2669.7,-2722.2,-2798.7,-2903,-3039.8,-3215.3,-3437.2,-3713.4,-4049.9,-4445.6,-4885.8,-5334,-5731.7,-6009.2,-6109.2,-6009.2,-5731.7,-5334,-4885.8,-4445.6,-4049.9,-3713.4,-3437.2,-3215.3,-3039.8,-2903,-2798.7,-2722.2,-2669.7,-2639.2,-2740.7,-2751.5,-2784.5,-2841,-2923.7,-3036.5,-3184.8,-3375.8,-3618.4,-3922.1,-4294.5,-4735.8,-5230.3,-5737.2,-6189.2,-6505.7,-6619.8,-6505.7,-6189.2,-5737.2,-5230.3,-4735.8,-4294.5,-3922.1,-3618.4,-3375.8,-3184.8,-3036.5,-2923.7,-2841,-2784.5,-2751.5,-2846.5,-2858.1,-2893.3,-2953.8,-3042.4,-3163.5,-3323.2,-3529.4,-3792.5,-4123.5,-4532,-5019.5,-5569.5,-6136.9,-6645.1,-7001.8,-7130.6,-7001.8,-6645.1,-6136.9,-5569.5,-5019.5,-4532,-4123.5,-3792.5,-3529.4,-3323.2,-3163.5,-3042.4,-2953.8,-2893.3,-2858.1,-2944.5,-2956.8,-2994.2,-3058.5,-3152.8,-3281.8,-3452.2,-3673.1,-3955.8,-4313.4,-4757.2,-5290.2,-5895.6,-6523.4,-7087.9,-7485,-7628.4,-7485,-7087.9,-6523.4,-5895.6,-5290.2,-4757.2,-4313.4,-3955.8,-3673.1,-3452.2,-3281.8,-3152.8,-3058.5,-2994.2,-2956.8,-3033,-3045.9,-3085.3,-3153.1,-3252.6,-3388.9,-3569.3,-3803.7,-4104.8,-4487.3,-4964.5,-5541,-6199.4,-6885.5,-7504.5,-7940.6,-8098.3,-7940.6,-7504.5,-6885.5,-6199.4,-5541,-4964.5,-4487.3,-4104.8,-3803.7,-3569.3,-3388.9,-3252.6,-3153.1,-3085.3,-3045.9,-3110,-3123.5,-3164.7,-3235.6,-3339.7,-3482.5,-3671.7,-3918.2,-4235.8,-4640.7,-5148.2,-5764.4,-6471.6,-7211.7,-7881,-8353.2,-8523.9,-8353.2,-7881,-7211.7,-6471.6,-5764.4,-5148.2,-4640.7,-4235.8,-3918.2,-3671.7,-3482.5,-3339.7,-3235.6,-3164.7,-3123.5,-3173.9,-3187.9,-3230.6,-3304.1,-3412,-3560.3,-3757.1,-4013.8,-4345.4,-4769.5,-5303,-5953.5,-6703.1,-7490.1,-8203.4,-8706.9,-8889,-8706.9,-8203.4,-7490.1,-6703.1,-5953.5,-5303,-4769.5,-4345.4,-4013.8,-3757.1,-3560.3,-3412,-3304.1,-3230.6,-3187.9,-3223.3,-3237.6,-3281.5,-3357,-3468,-3620.5,-3823.2,-4087.9,-4430.6,-4869.8,-5424,-6101.8,-6885.4,-7710,-8458.5,-8987.2,-9178.4,-8987.2,-8458.5,-7710,-6885.4,-6101.8,-5424,-4869.8,-4430.6,-4087.9,-3823.2,-3620.5,-3468,-3357,-3281.5,-3237.6,-3256.8,-3271.5,-3316.1,-3393,-3506.1,-3661.5,-3868.2,-4138.6,-4488.8,-4938.5,-5507,-6203.9,-7011.2,-7862.2,-8635.3,-9181.6,-9379.1,-9181.6,-8635.3,-7862.2,-7011.2,-6203.9,-5507,-4938.5,-4488.8,-4138.6,-3868.2,-3661.5,-3506.1,-3393,-3316.1,-3271.5,-3273.8,-3288.6,-3333.7,-3411.2,-3525.4,-3682.3,-3891.1,-4164.2,-4518.3,-4973.4,-5549.3,-6256,-7075.4,-7940,-8725.8,-9281.1,-9482,-9281.1,-8725.8,-7940,-7075.4,-6256,-5549.3,-4973.4,-4518.3,-4164.2,-3891.1,-3682.3,-3525.4,-3411.2,-3333.7,-3288.6,-3273.8,-3288.6,-3333.7,-3411.2,-3525.4,-3682.3,-3891.1,-4164.2,-4518.3,-4973.4,-5549.3,-6256,-7075.4,-7940,-8725.8,-9281.1,-9482,-9281.1,-8725.8,-7940,-7075.4,-6256,-5549.3,-4973.4,-4518.3,-4164.2,-3891.1,-3682.3,-3525.4,-3411.2,-3333.7,-3288.6,-3256.8,-3271.5,-3316.1,-3393,-3506.1,-3661.5,-3868.2,-4138.6,-4488.8,-4938.5,-5507,-6203.9,-7011.2,-7862.2,-8635.3,-9181.6,-9379.1,-9181.6,-8635.3,-7862.2,-7011.2,-6203.9,-5507,-4938.5,-4488.8,-4138.6,-3868.2,-3661.5,-3506.1,-3393,-3316.1,-3271.5,-3223.3,-3237.6,-3281.5,-3357,-3468,-3620.5,-3823.2,-4087.9,-4430.6,-4869.8,-5424,-6101.8,-6885.4,-7710,-8458.5,-8987.2,-9178.4,-8987.2,-8458.5,-7710,-6885.4,-6101.8,-5424,-4869.8,-4430.6,-4087.9,-3823.2,-3620.5,-3468,-3357,-3281.5,-3237.6,-3173.9,-3187.9,-3230.6,-3304.1,-3412,-3560.3,-3757.1,-4013.8,-4345.4,-4769.5,-5303,-5953.5,-6703.1,-7490.1,-8203.4,-8706.9,-8889,-8706.9,-8203.4,-7490.1,-6703.1,-5953.5,-5303,-4769.5,-4345.4,-4013.8,-3757.1,-3560.3,-3412,-3304.1,-3230.6,-3187.9,-3110,-3123.5,-3164.7,-3235.6,-3339.7,-3482.5,-3671.7,-3918.2,-4235.8,-4640.7,-5148.2,-5764.4,-6471.6,-7211.7,-7881,-8353.2,-8523.9,-8353.2,-7881,-7211.7,-6471.6,-5764.4,-5148.2,-4640.7,-4235.8,-3918.2,-3671.7,-3482.5,-3339.7,-3235.6,-3164.7,-3123.5,-3033,-3045.9,-3085.3,-3153.1,-3252.6,-3388.9,-3569.3,-3803.7,-4104.8,-4487.3,-4964.5,-5541,-6199.4,-6885.5,-7504.5,-7940.6,-8098.3,-7940.6,-7504.5,-6885.5,-6199.4,-5541,-4964.5,-4487.3,-4104.8,-3803.7,-3569.3,-3388.9,-3252.6,-3153.1,-3085.3,-3045.9,-2944.5,-2956.8,-2994.2,-3058.5,-3152.8,-3281.8,-3452.2,-3673.1,-3955.8,-4313.4,-4757.2,-5290.2,-5895.6,-6523.4,-7087.9,-7485,-7628.4,-7485,-7087.9,-6523.4,-5895.6,-5290.2,-4757.2,-4313.4,-3955.8,-3673.1,-3452.2,-3281.8,-3152.8,-3058.5,-2994.2,-2956.8,-2846.5,-2858.1,-2893.3,-2953.8,-3042.4,-3163.5,-3323.2,-3529.4,-3792.5,-4123.5,-4532,-5019.5,-5569.5,-6136.9,-6645.1,-7001.8,-7130.6,-7001.8,-6645.1,-6136.9,-5569.5,-5019.5,-4532,-4123.5,-3792.5,-3529.4,-3323.2,-3163.5,-3042.4,-2953.8,-2893.3,-2858.1,-2740.7,-2751.5,-2784.5,-2841,-2923.7,-3036.5,-3184.8,-3375.8,-3618.4,-3922.1,-4294.5,-4735.8,-5230.3,-5737.2,-6189.2,-6505.7,-6619.8,-6505.7,-6189.2,-5737.2,-5230.3,-4735.8,-4294.5,-3922.1,-3618.4,-3375.8,-3184.8,-3036.5,-2923.7,-2841,-2784.5,-2751.5,-2629.1,-2639.2,-2669.7,-2722.2,-2798.7,-2903,-3039.8,-3215.3,-3437.2,-3713.4,-4049.9,-4445.6,-4885.8,-5334,-5731.7,-6009.2,-6109.2,-6009.2,-5731.7,-5334,-4885.8,-4445.6,-4049.9,-3713.4,-3437.2,-3215.3,-3039.8,-2903,-2798.7,-2722.2,-2669.7,-2639.2,-2513.5,-2522.8,-2550.9,-2599.2,-2669.7,-2765.4,-2890.6,-3050.7,-3252.1,-3501.4,-3802.9,-4154.7,-4543,-4935.7,-5282.1,-5523.1,-5609.7,-5523.1,-5282.1,-4935.7,-4543,-4154.7,-3802.9,-3501.4,-3252.1,-3050.7,-2890.6,-2765.4,-2669.7,-2599.2,-2550.9,-2522.8,-2395.5,-2404,-2429.8,-2474,-2538.4,-2625.7,-2739.5,-2884.5,-3066.1,-3289.4,-3557.5,-3868,-4207.8,-4548.8,-4848,-5055.3,-5129.7,-5055.3,-4848,-4548.8,-4207.8,-3868,-3557.5,-3289.4,-3066.1,-2884.5,-2739.5,-2625.7,-2538.4,-2474,-2429.8,-2404,-2276.8,-2284.5,-2308,-2348.2,-2406.6,-2485.7,-2588.6,-2719.1,-2881.7,-3080.4,-3317.2,-3589.2,-3884.5,-4178.6,-4435,-4611.9,-4675.3,-4611.9,-4435,-4178.6,-3884.5,-3589.2,-3317.2,-3080.4,-2881.7,-2719.1,-2588.6,-2485.7,-2406.6,-2348.2,-2308,-2284.5,-2158.5,-2165.5,-2186.8,-2223.1,-2275.9,-2347.2,-2439.6,-2556.4,-2701.1,-2876.8,-3084.7,-3321.5,-3576.4,-3828.4,-4046.7,-4196.7,-4250.3,-4196.7,-4046.7,-3828.4,-3576.4,-3321.5,-3084.7,-2876.8,-2701.1,-2556.4,-2439.6,-2347.2,-2275.9,-2223.1,-2186.8,-2165.5,-2041.9,-2048.3,-2067.4,-2100.1,-2147.5,-2211.4,-2293.9,-2397.8,-2525.9,-2680.4,-2861.9,-3066.9,-3285.8,-3500.5,-3685.3,-3811.7,-3856.8,-3811.7,-3685.3,-3500.5,-3285.8,-3066.9,-2861.9,-2680.4,-2525.9,-2397.8,-2293.9,-2211.4,-2147.5,-2100.1,-2067.4,-2048.3,-1928,-1933.7,-1950.8,-1980.1,-2022.4,-2079.4,-2152.7,-2244.7,-2357.4,-2492.6,-2650.3,-2826.9,-3014,-3196,-3351.8,-3457.8,-3495.5,-3457.8,-3351.8,-3196,-3014,-2826.9,-2650.3,-2492.6,-2357.4,-2244.7,-2152.7,-2079.4,-2022.4,-1980.1,-1950.8,-1933.7,-1817.5,-1822.5,-1837.8,-1863.9,-1901.5,-1952,-2016.9,-2097.9,-2196.7,-2314.5,-2450.7,-2602.3,-2761.5,-2915.3,-3045.9,-3134.5,-3165.9,-3134.5,-3045.9,-2915.3,-2761.5,-2602.3,-2450.7,-2314.5,-2196.7,-2097.9,-2016.9,-1952,-1901.5,-1863.9,-1837.8,-1822.5,-1710.9,-1715.4,-1729,-1752.1,-1785.4,-1830,-1887.1,-1958.1,-2044.4,-2146.5,-2263.8,-2393.3,-2528.3,-2657.7,-2767,-2840.8,-2866.9,-2840.8,-2767,-2657.7,-2528.3,-2393.3,-2263.8,-2146.5,-2044.4,-1958.1,-1887.1,-1830,-1785.4,-1752.1,-1729,-1715.4,-1608.8,-1612.7,-1624.7,-1645.1,-1674.5,-1713.7,-1763.8,-1825.8,-1900.7,-1988.9,-2089.6,-2199.9,-2314,-2422.6,-2513.8,-2575,-2596.6,-2575,-2513.8,-2422.6,-2314,-2199.9,-2089.6,-1988.9,-1900.7,-1825.8,-1763.8,-1713.7,-1674.5,-1645.1,-1624.7,-1612.7,-1511.3,-1514.8,-1525.4,-1543.3,-1569.1,-1603.4,-1647.2,-1701.1,-1765.9,-1841.8,-1927.9,-2021.6,-2117.7,-2208.6,-2284.5,-2335.2,-2353.1,-2335.2,-2284.5,-2208.6,-2117.7,-2021.6,-1927.9,-1841.8,-1765.9,-1701.1,-1647.2,-1603.4,-1569.1,-1543.3,-1525.4,-1514.8,-1418.8,-1421.9,-1431.1,-1446.8,-1469.3,-1499.3,-1537.3,-1584,-1639.9,-1705.1,-1778.4,-1857.7,-1938.5,-2014.4,-2077.5,-2119.5,-2134.2,-2119.5,-2077.5,-2014.4,-1938.5,-1857.7,-1778.4,-1705.1,-1639.9,-1584,-1537.3,-1499.3,-1469.3,-1446.8,-1431.1,-1421.9,-1331.2,-1333.9,-1342,-1355.6,-1375.3,-1401.3,-1434.2,-1474.5,-1522.6,-1578.2,-1640.6,-1707.5,-1775.3,-1838.6,-1890.9,-1925.5,-1937.7,-1925.5,-1890.9,-1838.6,-1775.3,-1707.5,-1640.6,-1578.2,-1522.6,-1474.5,-1434.2,-1401.3,-1375.3,-1355.6,-1342,-1333.9,-1248.6,-1250.9,-1257.9,-1269.8,-1286.8,-1309.3,-1337.7,-1372.4,-1413.5,-1461,-1513.8,-1570.1,-1626.9,-1679.5,-1722.8,-1751.4,-1761.5,-1751.4,-1722.8,-1679.5,-1626.9,-1570.1,-1513.8,-1461,-1413.5,-1372.4,-1337.7,-1309.3,-1286.8,-1269.8,-1257.9,-1250.9,-1170.8,-1172.8,-1178.9,-1189.2,-1203.8,-1223.2,-1247.6,-1277.4,-1312.5,-1352.7,-1397.4,-1444.7,-1492.1,-1535.8,-1571.6,-1595.2,-1603.4,-1595.2,-1571.6,-1535.8,-1492.1,-1444.7,-1397.4,-1352.7,-1312.5,-1277.4,-1247.6,-1223.2,-1203.8,-1189.2,-1178.9,-1172.8,-1097.8,-1099.6,-1104.8,-1113.6,-1126.2,-1142.9,-1163.7,-1189.1,-1218.9,-1253,-1290.6,-1330.3,-1369.7,-1406,-1435.5,-1454.9,-1461.7,-1454.9,-1435.5,-1406,-1369.7,-1330.3,-1290.6,-1253,-1218.9,-1189.1,-1163.7,-1142.9,-1126.2,-1113.6,-1104.8,-1099.6,-1029.4,-1030.9,-1035.4,-1042.9,-1053.7,-1067.9,-1085.7,-1107.2,-1132.5,-1161.3,-1192.8,-1225.9,-1258.7,-1288.7,-1313.1,-1329,-1334.6,-1329,-1313.1,-1288.7,-1258.7,-1225.9,-1192.8,-1161.3,-1132.5,-1107.2,-1085.7,-1067.9,-1053.7,-1042.9,-1035.4,-1030.9,-965.41,-966.67,-970.48,-976.91,-986.08,-998.14,-1013.2,-1031.4,-1052.7,-1076.9,-1103.3,-1130.9,-1158.1,-1182.8,-1202.8,-1215.9,-1220.4,-1215.9,-1202.8,-1182.8,-1158.1,-1130.9,-1103.3,-1076.9,-1052.7,-1031.4,-1013.2,-998.14,-986.08,-976.91,-970.48,-966.67,-905.59,-906.65,-909.88,-915.32,-923.07,-933.25,-945.98,-961.3,-979.17,-999.37,-1021.3,-1044.2,-1066.7,-1087.1,-1103.5,-1114.2,-1117.9,-1114.2,-1103.5,-1087.1,-1066.7,-1044.2,-1021.3,-999.37,-979.17,-961.3,-945.98,-933.25,-923.07,-915.32,-909.88,-906.65,-849.73,-850.63,-853.34,-857.91,-864.42,-872.96,-883.62,-896.43,-911.35,-928.15,-946.37,-965.28,-983.77,-1000.5,-1013.9,-1022.6,-1025.6,-1022.6,-1013.9,-1000.5,-983.77,-965.28,-946.37,-928.15,-911.35,-896.43,-883.62,-872.96,-864.42,-857.91,-853.34,-850.63,-797.63,-798.37,-800.63,-804.44,-809.86,-816.97,-825.84,-836.48,-848.84,-862.73,-877.76,-893.3,-908.45,-922.09,-933.02,-940.1,-942.56,-940.1,-933.02,-922.09,-908.45,-893.3,-877.76,-862.73,-848.84,-836.48,-825.84,-816.97,-809.86,-804.44,-800.63,-798.37,-749.05,-749.66,-751.52,-754.66,-759.13,-765,-772.31,-781.07,-791.24,-802.64,-814.95,-827.64,-839.98,-851.06,-859.92,-865.65,-867.64,-865.65,-859.92,-851.06,-839.98,-827.64,-814.95,-802.64,-791.24,-781.07,-772.31,-765,-759.13,-754.66,-751.52,-749.66,-703.77,-704.27,-705.79,-708.34,-711.99,-716.77,-722.72,-729.87,-738.15,-747.43,-757.43,-767.71,-777.69,-786.64,-793.77,-798.38,-799.98,-798.38,-793.77,-786.64,-777.69,-767.71,-757.43,-747.43,-738.15,-729.87,-722.72,-716.77,-711.99,-708.34,-705.79,-704.27
-699.38,-699.89,-701.44,-704.05,-707.79,-712.72,-718.9,-726.38,-735.11,-744.99,-755.73,-766.88,-777.78,-787.63,-795.54,-800.67,-802.45,-800.67,-795.54,-787.63,-777.78,-766.88,-755.73,-744.99,-735.11,-726.38,-718.9,-712.72,-707.79,-704.05,-701.44,-699.89,-743.91,-744.53,-746.43,-749.64,-754.23,-760.28,-767.87,-777.04,-787.77,-799.9,-813.13,-826.89,-840.38,-852.6,-862.42,-868.82,-871.04,-868.82,-862.42,-852.6,-840.38,-826.89,-813.13,-799.9,-787.77,-777.04,-767.87,-760.28,-754.23,-749.64,-746.43,-744.53,-791.63,-792.39,-794.69,-798.59,-804.15,-811.49,-820.7,-831.83,-844.87,-859.65,-875.8,-892.65,-909.23,-924.28,-936.42,-944.33,-947.08,-944.33,-936.42,-924.28,-909.23,-892.65,-875.8,-859.65,-844.87,-831.83,-820.7,-811.49,-804.15,-798.59,-794.69,-792.39,-842.76,-843.68,-846.44,-851.11,-857.79,-866.61,-877.67,-891.07,-906.8,-924.67,-944.25,-964.76,-985.01,-1003.5,-1018.4,-1028.1,-1031.5,-1028.1,-1018.4,-1003.5,-985.01,-964.76,-944.25,-924.67,-906.8,-891.07,-877.67,-866.61,-857.79,-851.11,-846.44,-843.68,-897.51,-898.59,-901.88,-907.44,-915.39,-925.89,-939.09,-955.11,-973.95,-995.43,-1019,-1043.9,-1068.5,-1091,-1109.3,-1121.3,-1125.4,-1121.3,-1109.3,-1091,-1068.5,-1043.9,-1019,-995.43,-973.95,-955.11,-939.09,-925.89,-915.39,-907.44,-901.88,-898.59,-956.08,-957.36,-961.24,-967.8,-977.21,-989.63,-1005.3,-1024.3,-1046.7,-1072.4,-1100.8,-1130.7,-1160.5,-1187.9,-1210.2,-1224.9,-1230,-1224.9,-1210.2,-1187.9,-1160.5,-1130.7,-1100.8,-1072.4,-1046.7,-1024.3,-1005.3,-989.63,-977.21,-967.8,-961.24,-957.36,-1018.7,-1020.2,-1024.7,-1032.4,-1043.5,-1058.1,-1076.5,-1099,-1125.6,-1156.2,-1190,-1226,-1262,-1295.2,-1322.4,-1340.3,-1346.6,-1340.3,-1322.4,-1295.2,-1262,-1226,-1190,-1156.2,-1125.6,-1099,-1076.5,-1058.1,-1043.5,-1032.4,-1024.7,-1020.2,-1085.5,-1087.2,-1092.5,-1101.5,-1114.4,-1131.5,-1153.1,-1179.6,-1211,-1247.2,-1287.5,-1330.6,-1373.9,-1414.2,-1447.2,-1469.1,-1476.7,-1469.1,-1447.2,-1414.2,-1373.9,-1330.6,-1287.5,-1247.2,-1211,-1179.6,-1153.1,-1131.5,-1114.4,-1101.5,-1092.5,-1087.2,-1156.7,-1158.7,-1164.9,-1175.3,-1190.3,-1210.2,-1235.4,-1266.4,-1303.3,-1346,-1393.9,-1445.4,-1497.4,-1546,-1586.1,-1612.7,-1622.1,-1612.7,-1586.1,-1546,-1497.4,-1445.4,-1393.9,-1346,-1303.3,-1266.4,-1235.4,-1210.2,-1190.3,-1175.3,-1164.9,-1158.7,-1232.4,-1234.7,-1241.8,-1253.9,-1271.3,-1294.3,-1323.7,-1359.7,-1402.9,-1453.2,-1509.9,-1571.2,-1633.6,-1692.2,-1740.8,-1773.1,-1784.5,-1773.1,-1740.8,-1692.2,-1633.6,-1571.2,-1509.9,-1453.2,-1402.9,-1359.7,-1323.7,-1294.3,-1271.3,-1253.9,-1241.8,-1234.7,-1312.7,-1315.4,-1323.6,-1337.5,-1357.5,-1384.1,-1418,-1459.9,-1510.3,-1569.3,-1636.2,-1708.9,-1783.6,-1854.1,-1912.9,-1952.2,-1966.1,-1952.2,-1912.9,-1854.1,-1783.6,-1708.9,-1636.2,-1569.3,-1510.3,-1459.9,-1418,-1384.1,-1357.5,-1337.5,-1323.6,-1315.4,-1397.8,-1400.8,-1410.2,-1426.1,-1449,-1479.7,-1518.8,-1567.2,-1625.8,-1694.8,-1773.4,-1859.6,-1948.6,-2033.4,-2104.4,-2152.2,-2169,-2152.2,-2104.4,-2033.4,-1948.6,-1859.6,-1773.4,-1694.8,-1625.8,-1567.2,-1518.8,-1479.7,-1449,-1426.1,-1410.2,-1400.8,-1487.5,-1491,-1501.6,-1519.8,-1546,-1581,-1625.9,-1681.8,-1749.6,-1829.9,-1922.2,-2024,-2130,-2231.6,-2317.4,-2375.2,-2395.7,-2375.2,-2317.4,-2231.6,-2130,-2024,-1922.2,-1829.9,-1749.6,-1681.8,-1625.9,-1581,-1546,-1519.8,-1501.6,-1491,-1581.8,-1585.7,-1597.8,-1618.4,-1648.2,-1688.2,-1739.5,-1803.7,-1881.9,-1975.1,-2083,-2202.9,-2328.8,-2450.4,-2553.7,-2623.7,-2648.5,-2623.7,-2553.7,-2450.4,-2328.8,-2202.9,-2083,-1975.1,-1881.9,-1803.7,-1739.5,-1688.2,-1648.2,-1618.4,-1597.8,-1585.7,-1680.5,-1685,-1698.6,-1721.9,-1755.7,-1801,-1859.5,-1932.8,-2022.7,-2130.5,-2256.2,-2397,-2546.1,-2691.2,-2815.3,-2899.8,-2929.9,-2899.8,-2815.3,-2691.2,-2546.1,-2397,-2256.2,-2130.5,-2022.7,-1932.8,-1859.5,-1801,-1755.7,-1721.9,-1698.6,-1685,-1783.3,-1788.3,-1803.7,-1829.9,-1868,-1919.2,-1985.5,-2068.9,-2171.8,-2296,-2441.9,-2606.7,-2782.6,-2955.3,-3104.1,-3205.9,-3242.2,-3205.9,-3104.1,-2955.3,-2782.6,-2606.7,-2441.9,-2296,-2171.8,-2068.9,-1985.5,-1919.2,-1868,-1829.9,-1803.7,-1788.3,-1889.7,-1895.4,-1912.6,-1942,-1984.7,-2042.3,-2117.1,-2211.7,-2328.9,-2471.3,-2639.9,-2832,-3039,-3243.9,-3421.6,-3543.8,-3587.5,-3543.8,-3421.6,-3243.9,-3039,-2832,-2639.9,-2471.3,-2328.9,-2211.7,-2117.1,-2042.3,-1984.7,-1942,-1912.6,-1895.4,-1999.3,-2005.6,-2024.7,-2057.5,-2105.2,-2169.8,-2253.8,-2360.4,-2493.3,-2655.9,-2849.8,-3072.8,-3315.2,-3557.2,-3768.7,-3914.9,-3967.3,-3914.9,-3768.7,-3557.2,-3315.2,-3072.8,-2849.8,-2655.9,-2493.3,-2360.4,-2253.8,-2169.8,-2105.2,-2057.5,-2024.7,-2005.6,-2111.2,-2118.2,-2139.4,-2175.8,-2228.8,-2300.7,-2394.5,-2514.1,-2664,-2848.6,-3070.6,-3328.2,-3610.8,-3895.3,-4145.8,-4319.7,-4382.3,-4319.7,-4145.8,-3895.3,-3610.8,-3328.2,-3070.6,-2848.6,-2664,-2514.1,-2394.5,-2300.7,-2228.8,-2175.8,-2139.4,-2118.2,-2224.5,-2232.2,-2255.6,-2295.8,-2354.3,-2434,-2538.2,-2671.7,-2839.8,-3048.2,-3300.9,-3596.7,-3924.3,-4257.1,-4552,-4757.9,-4832.1,-4757.9,-4552,-4257.1,-3924.3,-3596.7,-3300.9,-3048.2,-2839.8,-2671.7,-2538.2,-2434,-2354.3,-2295.8,-2255.6,-2232.2,-2338.2,-2346.6,-2372.3,-2416.3,-2480.7,-2568.4,-2683.5,-2831.5,-3018.9,-3252.8,-3538.6,-3876.3,-4253.7,-4640.3,-4985.3,-5227.2,-5314.6,-5227.2,-4985.3,-4640.3,-4253.7,-3876.3,-3538.6,-3252.8,-3018.9,-2831.5,-2683.5,-2568.4,-2480.7,-2416.3,-2372.3,-2346.6,-2450.8,-2460,-2488,-2536,-2606.3,-2702.3,-2828.7,-2991.7,-3199.3,-3460,-3781.2,-4163.9,-4595.6,-5041.4,-5441.9,-5723.9,-5826,-5723.9,-5441.9,-5041.4,-4595.6,-4163.9,-3781.2,-3460,-3199.3,-2991.7,-2828.7,-2702.3,-2606.3,-2536,-2488,-2460,-2561.1,-2571.1,-2601.4,-2653.4,-2729.7,-2834,-2971.8,-3150.2,-3378.5,-3667,-4025.1,-4455.5,-4945.4,-5455.3,-5916.1,-6241.8,-6359.9,-6241.8,-5916.1,-5455.3,-4945.4,-4455.5,-4025.1,-3667,-3378.5,-3150.2,-2971.8,-2834,-2729.7,-2653.4,-2601.4,-2571.1,-2667.4,-2678.1,-2710.7,-2766.7,-2849,-2961.6,-3110.7,-3304.5,-3553.7,-3870.4,-4266.5,-4746.5,-5297.3,-5875,-6399.9,-6772.2,-6907.3,-6772.2,-6399.9,-5875,-5297.3,-4746.5,-4266.5,-3870.4,-3553.7,-3304.5,-3110.7,-2961.6,-2849,-2766.7,-2710.7,-2678.1,-2768,-2779.4,-2814.3,-2874.1,-2962.1,-3082.9,-3243.1,-3452,-3721.6,-4066.5,-4500.6,-5030.9,-5644.2,-6291.9,-6883.3,-7303.9,-7456.6,-7303.9,-6883.3,-6291.9,-5644.2,-5030.9,-4500.6,-4066.5,-3721.6,-3452,-3243.1,-3082.9,-2962.1,-2874.1,-2814.3,-2779.4,-2861.2,-2873.3,-2910.2,-2973.7,-3067.2,-3195.6,-3366.3,-3589.6,-3879.1,-4251.1,-4722.4,-5302.3,-5977.8,-6695.7,-7353.9,-7823,-7993.5,-7823,-7353.9,-6695.7,-5977.8,-5302.3,-4722.4,-4251.1,-3879.1,-3589.6,-3366.3,-3195.6,-3067.2,-2973.7,-2910.2,-2873.3,-2945.1,-2957.9,-2996.7,-3063.6,-3162,-3297.5,-3478,-3714.7,-4022.5,-4420,-4926.5,-5553.7,-6289,-7074.7,-7797.7,-8313.7,-8501.3,-8313.7,-7797.7,-7074.7,-6289,-5553.7,-4926.5,-4420,-4022.5,-3714.7,-3478,-3297.5,-3162,-3063.6,-2996.7,-2957.9,-3018.1,-3031.4,-3072,-3141.8,-3244.7,-3386.5,-3575.6,-3824.2,-4148.4,-4568.9,-5107.3,-5777.7,-6568.2,-7416.6,-8199.6,-8758.9,-8962.3,-8758.9,-8199.6,-7416.6,-6568.2,-5777.7,-5107.3,-4568.9,-4148.4,-3824.2,-3575.6,-3386.5,-3244.7,-3141.8,-3072,-3031.4,-3078.7,-3092.4,-3134.4,-3206.8,-3313.4,-3460.4,-3656.8,-3915.4,-4253.7,-4693.8,-5259.5,-5967.3,-6805.7,-7708.9,-8544.3,-9141.4,-9358.5,-9141.4,-8544.3,-7708.9,-6805.7,-5967.3,-5259.5,-4693.8,-4253.7,-3915.4,-3656.8,-3460.4,-3313.4,-3206.8,-3134.4,-3092.4,-3125.4,-3139.5,-3182.6,-3256.9,-3366.4,-3517.6,-3719.7,-3986.2,-4335.4,-4790.9,-5378.4,-6115.9,-6992.7,-7940,-8817.4,-9444.9,-9673,-9444.9,-8817.4,-7940,-6992.7,-6115.9,-5378.4,-4790.9,-4335.4,-3986.2,-3719.7,-3517.6,-3366.4,-3256.9,-3182.6,-3139.5,-3157.2,-3171.5,-3215.4,-3291,-3402.5,-3556.5,-3762.5,-4034.4,-4391.3,-4857.4,-5460,-6218.3,-7121.9,-8100.1,-9007,-9655.6,-9891.3,-9655.6,-9007,-8100.1,-7121.9,-6218.3,-5460,-4857.4,-4391.3,-4034.4,-3762.5,-3556.5,-3402.5,-3291,-3215.4,-3171.5,-3173.2,-3187.7,-3232,-3308.3,-3420.8,-3576.2,-3784.2,-4058.9,-4419.6,-4891.2,-5501.5,-6270.5,-7187.9,-8182,-9104.1,-9763.6,-10003,-9763.6,-9104.1,-8182,-7187.9,-6270.5,-5501.5,-4891.2,-4419.6,-4058.9,-3784.2,-3576.2,-3420.8,-3308.3,-3232,-3187.7,-3173.2,-3187.7,-3232,-3308.3,-3420.8,-3576.2,-3784.2,-4058.9,-4419.6,-4891.2,-5501.5,-6270.5,-7187.9,-8182,-9104.1,-9763.6,-10003,-9763.6,-9104.1,-8182,-7187.9,-6270.5,-5501.5,-4891.2,-4419.6,-4058.9,-3784.2,-3576.2,-3420.8,-3308.3,-3232,-3187.7,-3157.2,-3171.5,-3215.4,-3291,-3402.5,-3556.5,-3762.5,-4034.4,-4391.3,-4857.4,-5460,-6218.3,-7121.9,-8100.1,-9007,-9655.6,-9891.3,-9655.6,-9007,-8100.1,-7121.9,-6218.3,-5460,-4857.4,-4391.3,-4034.4,-3762.5,-3556.5,-3402.5,-3291,-3215.4,-3171.5,-3125.4,-3139.5,-3182.6,-3256.9,-3366.4,-3517.6,-3719.7,-3986.2,-4335.4,-4790.9,-5378.4,-6115.9,-6992.7,-7940,-8817.4,-9444.9,-9673,-9444.9,-8817.4,-7940,-6992.7,-6115.9,-5378.4,-4790.9,-4335.4,-3986.2,-3719.7,-3517.6,-3366.4,-3256.9,-3182.6,-3139.5,-3078.7,-3092.4,-3134.4,-3206.8,-3313.4,-3460.4,-3656.8,-3915.4,-4253.7,-4693.8,-5259.5,-5967.3,-6805.7,-7708.9,-8544.3,-9141.4,-9358.5,-9141.4,-8544.3,-7708.9,-6805.7,-5967.3,-5259.5,-4693.8,-4253.7,-3915.4,-3656.8,-3460.4,-3313.4,-3206.8,-3134.4,-3092.4,-3018.1,-3031.4,-3072,-3141.8,-3244.7,-3386.5,-3575.6,-3824.2,-4148.4,-4568.9,-5107.3,-5777.7,-6568.2,-7416.6,-8199.6,-8758.9,-8962.3,-8758.9,-8199.6,-7416.6,-6568.2,-5777.7,-5107.3,-4568.9,-4148.4,-3824.2,-3575.6,-3386.5,-3244.7,-3141.8,-3072,-3031.4,-2945.1,-2957.9,-2996.7,-3063.6,-3162,-3297.5,-3478,-3714.7,-4022.5,-4420,-4926.5,-5553.7,-6289,-7074.7,-7797.7,-8313.7,-8501.3,-8313.7,-7797.7,-7074.7,-6289,-5553.7,-4926.5,-4420,-4022.5,-3714.7,-3478,-3297.5,-3162,-3063.6,-2996.7,-2957.9,-2861.2,-2873.3,-2910.2,-2973.7,-3067.2,-3195.6,-3366.3,-3589.6,-3879.1,-4251.1,-4722.4,-5302.3,-5977.8,-6695.7,-7353.9,-7823,-7993.5,-7823,-7353.9,-6695.7,-5977.8,-5302.3,-4722.4,-4251.1,-3879.1,-3589.6,-3366.3,-3195.6,-3067.2,-2973.7,-2910.2,-2873.3,-2768,-2779.4,-2814.3,-2874.1,-2962.1,-3082.9,-3243.1,-3452,-3721.6,-4066.5,-4500.6,-5030.9,-5644.2,-6291.9,-6883.3,-7303.9,-7456.6,-7303.9,-6883.3,-6291.9,-5644.2,-5030.9,-4500.6,-4066.5,-3721.6,-3452,-3243.1,-3082.9,-2962.1,-2874.1,-2814.3,-2779.4,-2667.4,-2678.1,-2710.7,-2766.7,-2849,-2961.6,-3110.7,-3304.5,-3553.7,-3870.4,-4266.5,-4746.5,-5297.3,-5875,-6399.9,-6772.2,-6907.3,-6772.2,-6399.9,-5875,-5297.3,-4746.5,-4266.5,-3870.4,-3553.7,-3304.5,-3110.7,-2961.6,-2849,-2766.7,-2710.7,-2678.1,-2561.1,-2571.1,-2601.4,-2653.4,-2729.7,-2834,-2971.8,-3150.2,-3378.5,-3667,-4025.1,-4455.5,-4945.4,-5455.3,-5916.1,-6241.8,-6359.9,-6241.8,-5916.1,-5455.3,-4945.4,-4455.5,-4025.1,-3667,-3378.5,-3150.2,-2971.8,-2834,-2729.7,-2653.4,-2601.4,-2571.1,-2450.8,-2460,-2488,-2536,-2606.3,-2702.3,-2828.7,-2991.7,-3199.3,-3460,-3781.2,-4163.9,-4595.6,-5041.4,-5441.9,-5723.9,-5826,-5723.9,-5441.9,-5041.4,-4595.6,-4163.9,-3781.2,-3460,-3199.3,-2991.7,-2828.7,-2702.3,-2606.3,-2536,-2488,-2460,-2338.2,-2346.6,-2372.3,-2416.3,-2480.7,-2568.4,-2683.5,-2831.5,-3018.9,-3252.8,-3538.6,-3876.3,-4253.7,-4640.3,-4985.3,-5227.2,-5314.6,-5227.2,-4985.3,-4640.3,-4253.7,-3876.3,-3538.6,-3252.8,-3018.9,-2831.5,-2683.5,-2568.4,-2480.7,-2416.3,-2372.3,-2346.6,-2224.5,-2232.2,-2255.6,-2295.8,-2354.3,-2434,-2538.2,-2671.7,-2839.8,-3048.2,-3300.9,-3596.7,-3924.3,-4257.1,-4552,-4757.9,-4832.1,-4757.9,-4552,-4257.1,-3924.3,-3596.7,-3300.9,-3048.2,-2839.8,-2671.7,-2538.2,-2434,-2354.3,-2295.8,-2255.6,-2232.2,-2111.2,-2118.2,-2139.4,-2175.8,-2228.8,-2300.7,-2394.5,-2514.1,-2664,-2848.6,-3070.6,-3328.2,-3610.8,-3895.3,-4145.8,-4319.7,-4382.3,-4319.7,-4145.8,-3895.3,-3610.8,-3328.2,-3070.6,-2848.6,-2664,-2514.1,-2394.5,-2300.7,-2228.8,-2175.8,-2139.4,-2118.2,-1999.3,-2005.6,-2024.7,-2057.5,-2105.2,-2169.8,-2253.8,-2360.4,-2493.3,-2655.9,-2849.8,-3072.8,-3315.2,-3557.2,-3768.7,-3914.9,-3967.3,-3914.9,-3768.7,-3557.2,-3315.2,-3072.8,-2849.8,-2655.9,-2493.3,-2360.4,-2253.8,-2169.8,-2105.2,-2057.5,-2024.7,-2005.6,-1889.7,-1895.4,-1912.6,-1942,-1984.7,-2042.3,-2117.1,-2211.7,-2328.9,-2471.3,-2639.9,-2832,-3039,-3243.9,-3421.6,-3543.8,-3587.5,-3543.8,-3421.6,-3243.9,-3039,-2832,-2639.9,-2471.3,-2328.9,-2211.7,-2117.1,-2042.3,-1984.7,-1942,-1912.6,-1895.4,-1783.3,-1788.3,-1803.7,-1829.9,-1868,-1919.2,-1985.5,-2068.9,-2171.8,-2296,-2441.9,-2606.7,-2782.6,-2955.3,-3104.1,-3205.9,-3242.2,-3205.9,-3104.1,-2955.3,-2782.6,-2606.7,-2441.9,-2296,-2171.8,-2068.9,-1985.5,-1919.2,-1868,-1829.9,-1803.7,-1788.3,-1680.5,-1685,-1698.6,-1721.9,-1755.7,-1801,-1859.5,-1932.8,-2022.7,-2130.5,-2256.2,-2397,-2546.1,-2691.2,-2815.3,-2899.8,-2929.9,-2899.8,-2815.3,-2691.2,-2546.1,-2397,-2256.2,-2130.5,-2022.7,-1932.8,-1859.5,-1801,-1755.7,-1721.9,-1698.6,-1685,-1581.8,-1585.7,-1597.8,-1618.4,-1648.2,-1688.2,-1739.5,-1803.7,-1881.9,-1975.1,-2083,-2202.9,-2328.8,-2450.4,-2553.7,-2623.7,-2648.5,-2623.7,-2553.7,-2450.4,-2328.8,-2202.9,-2083,-1975.1,-1881.9,-1803.7,-1739.5,-1688.2,-1648.2,-1618.4,-1597.8,-1585.7,-1487.5,-1491,-1501.6,-1519.8,-1546,-1581,-1625.9,-1681.8,-1749.6,-1829.9,-1922.2,-2024,-2130,-2231.6,-2317.4,-2375.2,-2395.7,-2375.2,-2317.4,-2231.6,-2130,-2024,-1922.2,-1829.9,-1749.6,-1681.8,-1625.9,-1581,-1546,-1519.8,-1501.6,-1491,-1397.8,-1400.8,-1410.2,-1426.1,-1449,-1479.7,-1518.8,-1567.2,-1625.8,-1694.8,-1773.4,-1859.6,-1948.6,-2033.4,-2104.4,-2152.2,-2169,-2152.2,-2104.4,-2033.4,-1948.6,-1859.6,-1773.4,-1694.8,-1625.8,-1567.2,-1518.8,-1479.7,-1449,-1426.1,-1410.2,-1400.8,-1312.7,-1315.4,-1323.6,-1337.5,-1357.5,-1384.1,-1418,-1459.9,-1510.3,-1569.3,-1636.2,-1708.9,-1783.6,-1854.1,-1912.9,-1952.2,-1966.1,-1952.2,-1912.9,-1854.1,-1783.6,-1708.9,-1636.2,-1569.3,-1510.3,-1459.9,-1418,-1384.1,-1357.5,-1337.5,-1323.6,-1315.4,-1232.4,-1234.7,-1241.8,-1253.9,-1271.3,-1294.3,-1323.7,-1359.7,-1402.9,-1453.2,-1509.9,-1571.2,-1633.6,-1692.2,-1740.8,-1773.1,-1784.5,-1773.1,-1740.8,-1692.2,-1633.6,-1571.2,-1509.9,-1453.2,-1402.9,-1359.7,-1323.7,-1294.3,-1271.3,-1253.9,-1241.8,-1234.7,-1156.7,-1158.7,-1164.9,-1175.3,-1190.3,-1210.2,-1235.4,-1266.4,-1303.3,-1346,-1393.9,-1445.4,-1497.4,-1546,-1586.1,-1612.7,-1622.1,-1612.7,-1586.1,-1546,-1497.4,-1445.4,-1393.9,-1346,-1303.3,-1266.4,-1235.4,-1210.2,-1190.3,-1175.3,-1164.9,-1158.7,-1085.5,-1087.2,-1092.5,-1101.5,-1114.4,-1131.5,-1153.1,-1179.6,-1211,-1247.2,-1287.5,-1330.6,-1373.9,-1414.2,-1447.2,-1469.1,-1476.7,-1469.1,-1447.2,-1414.2,-1373.9,-1330.6,-1287.5,-1247.2,-1211,-1179.6,-1153.1,-1131.5,-1114.4,-1101.5,-1092.5,-1087.2,-1018.7,-1020.2,-1024.7,-1032.4,-1043.5,-1058.1,-1076.5,-1099,-1125.6,-1156.2,-1190,-1226,-1262,-1295.2,-1322.4,-1340.3,-1346.6,-1340.3,-1322.4,-1295.2,-1262,-1226,-1190,-1156.2,-1125.6,-1099,-1076.5,-1058.1,-1043.5,-1032.4,-1024.7,-1020.2,-956.08,-957.36,-961.24,-967.8,-977.21,-989.63,-1005.3,-1024.3,-1046.7,-1072.4,-1100.8,-1130.7,-1160.5,-1187.9,-1210.2,-1224.9,-1230,-1224.9,-1210.2,-1187.9,-1160.5,-1130.7,-1100.8,-1072.4,-1046.7,-1024.3,-1005.3,-989.63,-977.21,-967.8,-961.24,-957.36,-897.51,-898.59,-901.88,-907.44,-915.39,-925.89,-939.09,-955.11,-973.95,-995.43,-1019,-1043.9,-1068.5,-1091,-1109.3,-1121.3,-1125.4,-1121.3,-1109.3,-1091,-1068.5,-1043.9,-1019,-995.43,-973.95,-955.11,-939.09,-925.89,-915.39,-907.44,-901.88,-898.59,-842.76,-843.68,-846.44,-851.11,-857.79,-866.61,-877.67,-891.07,-906.8,-924.67,-944.25,-964.76,-985.01,-1003.5,-1018.4,-1028.1,-1031.5,-1028.1,-1018.4,-1003.5,-985.01,-964.76,-944.25,-924.67,-906.8,-891.07,-877.67,-866.61,-857.79,-851.11,-846.44,-843.68,-791.63,-792.39,-794.69,-798.59,-804.15,-811.49,-820.7,-831.83,-844.87,-859.65,-875.8,-892.65,-909.23,-924.28,-936.42,-944.33,-947.08,-944.33,-936.42,-924.28,-909.23,-892.65,-875.8,-859.65,-844.87,-831.83,-820.7,-811.49,-804.15,-798.59,-794.69,-792.39,-743.91,-744.53,-746.43,-749.64,-754.23,-760.28,-767.87,-777.04,-787.77,-799.9,-813.13,-826.89,-840.38,-852.6,-862.42,-868.82,-871.04,-868.82,-862.42,-852.6,-840.38,-826.89,-813.13,-799.9,-787.77,-777.04,-767.87,-760.28,-754.23,-749.64,-746.43,-744.53,-699.38,-699.89,-701.44,-704.05,-707.79,-712.72,-718.9,-726.38,-735.11,-744.99,-755.73,-766.88,-777.78,-787.63,-795.54,-800.67,-802.45,-800.67,-795.54,-787.63,-777.78,-766.88,-755.73,-744.99,-735.11,-726.38,-718.9,-712.72,-707.79,-704.05,-701.44,-699.89
-694.97,-695.49,-697.05,-699.71,-703.52,-708.57,-714.95,-722.72,-731.88,-742.32,-753.78,-765.79,-777.64,-788.43,-797.13,-802.81,-804.79,-802.81,-797.13,-788.43,-777.64,-765.79,-753.78,-742.32,-731.88,-722.72,-714.95,-708.57,-703.52,-699.71,-697.05,-695.49,-738.76,-739.39,-741.32,-744.58,-749.26,-755.47,-763.3,-772.83,-784.07,-796.91,-811.02,-825.85,-840.52,-853.91,-864.74,-871.82,-874.29,-871.82,-864.74,-853.91,-840.52,-825.85,-811.02,-796.91,-784.07,-772.83,-763.3,-755.47,-749.26,-744.58,-741.32,-739.39,-785.64,-786.41,-788.74,-792.7,-798.38,-805.91,-815.4,-826.97,-840.64,-856.27,-873.51,-891.68,-909.71,-926.22,-939.62,-948.4,-951.46,-948.4,-939.62,-926.22,-909.71,-891.68,-873.51,-856.27,-840.64,-826.97,-815.4,-805.91,-798.38,-792.7,-788.74,-786.41,-835.81,-836.74,-839.54,-844.29,-851.1,-860.14,-871.55,-885.47,-901.95,-920.85,-941.76,-963.87,-985.91,-1006.2,-1022.7,-1033.5,-1037.3,-1033.5,-1022.7,-1006.2,-985.91,-963.87,-941.76,-920.85,-901.95,-885.47,-871.55,-860.14,-851.1,-844.29,-839.54,-836.74,-889.47,-890.57,-893.9,-899.55,-907.66,-918.42,-932.03,-948.65,-968.38,-991.09,-1016.3,-1043.1,-1069.9,-1094.6,-1114.9,-1128.2,-1132.9,-1128.2,-1114.9,-1094.6,-1069.9,-1043.1,-1016.3,-991.09,-968.38,-948.65,-932.03,-918.42,-907.66,-899.55,-893.9,-890.57,-946.8,-948.1,-952.03,-958.7,-968.28,-981,-997.12,-1016.9,-1040.3,-1067.5,-1097.7,-1130,-1162.5,-1192.7,-1217.4,-1233.8,-1239.5,-1233.8,-1217.4,-1192.7,-1162.5,-1130,-1097.7,-1067.5,-1040.3,-1016.9,-997.12,-981,-968.28,-958.7,-952.03,-948.1,-1008,-1009.5,-1014.1,-1022,-1033.2,-1048.1,-1067.1,-1090.4,-1118.2,-1150.5,-1186.7,-1225.5,-1264.7,-1301.4,-1331.5,-1351.5,-1358.6,-1351.5,-1331.5,-1301.4,-1264.7,-1225.5,-1186.7,-1150.5,-1118.2,-1090.4,-1067.1,-1048.1,-1033.2,-1022,-1014.1,-1009.5,-1073.2,-1075,-1080.4,-1089.5,-1102.6,-1120.1,-1142.3,-1169.7,-1202.5,-1240.7,-1283.8,-1330.2,-1377.5,-1421.9,-1458.7,-1483.1,-1491.7,-1483.1,-1458.7,-1421.9,-1377.5,-1330.2,-1283.8,-1240.7,-1202.5,-1169.7,-1142.3,-1120.1,-1102.6,-1089.5,-1080.4,-1075,-1142.7,-1144.7,-1150.9,-1161.5,-1176.7,-1197.1,-1223,-1255,-1293.5,-1338.6,-1389.7,-1445.2,-1502.1,-1555.7,-1600.4,-1630.3,-1640.8,-1630.3,-1600.4,-1555.7,-1502.1,-1445.2,-1389.7,-1338.6,-1293.5,-1255,-1223,-1197.1,-1176.7,-1161.5,-1150.9,-1144.7,-1216.4,-1218.8,-1225.9,-1238.1,-1255.7,-1279.3,-1309.3,-1346.6,-1391.7,-1444.7,-1505.1,-1571.2,-1639.4,-1704.2,-1758.5,-1794.9,-1807.7,-1794.9,-1758.5,-1704.2,-1639.4,-1571.2,-1505.1,-1444.7,-1391.7,-1346.6,-1309.3,-1279.3,-1255.7,-1238.1,-1225.9,-1218.8,-1294.5,-1297.2,-1305.5,-1319.5,-1339.8,-1366.9,-1401.6,-1444.9,-1497.3,-1559.4,-1630.7,-1709.2,-1790.9,-1869,-1934.8,-1979.1,-1994.8,-1979.1,-1934.8,-1869,-1790.9,-1709.2,-1630.7,-1559.4,-1497.3,-1444.9,-1401.6,-1366.9,-1339.8,-1319.5,-1305.5,-1297.2,-1377.1,-1380.2,-1389.6,-1405.6,-1428.8,-1460,-1500,-1549.9,-1610.8,-1683.3,-1767.2,-1860.2,-1957.6,-2051.6,-2131.3,-2185.3,-2204.4,-2185.3,-2131.3,-2051.6,-1957.6,-1860.2,-1767.2,-1683.3,-1610.8,-1549.9,-1500,-1460,-1428.8,-1405.6,-1389.6,-1380.2,-1464.1,-1467.6,-1478.3,-1496.6,-1523,-1558.6,-1604.4,-1661.9,-1732.3,-1816.7,-1915,-2024.9,-2141,-2253.8,-2350.2,-2415.8,-2439.1,-2415.8,-2350.2,-2253.8,-2141,-2024.9,-1915,-1816.7,-1732.3,-1661.9,-1604.4,-1558.6,-1523,-1496.6,-1478.3,-1467.6,-1555.4,-1559.4,-1571.5,-1592.2,-1622.2,-1662.7,-1715,-1780.9,-1862,-1959.9,-2074.6,-2204.1,-2342.1,-2477.3,-2593.7,-2673.2,-2701.6,-2673.2,-2593.7,-2477.3,-2342.1,-2204.1,-2074.6,-1959.9,-1862,-1780.9,-1715,-1662.7,-1622.2,-1592.2,-1571.5,-1559.4,-1650.8,-1655.3,-1668.9,-1692.3,-1726.3,-1772.1,-1831.6,-1906.7,-1999.8,-2112.8,-2246.4,-2398.5,-2562.1,-2723.7,-2863.9,-2960.2,-2994.7,-2960.2,-2863.9,-2723.7,-2562.1,-2398.5,-2246.4,-2112.8,-1999.8,-1906.7,-1831.6,-1772.1,-1726.3,-1692.3,-1668.9,-1655.3,-1750,-1755,-1770.4,-1796.6,-1834.8,-1886.5,-1953.8,-2039.2,-2145.6,-2275.6,-2430.5,-2608.5,-2801.7,-2994.5,-3162.8,-3279.2,-3321,-3279.2,-3162.8,-2994.5,-2801.7,-2608.5,-2430.5,-2275.6,-2145.6,-2039.2,-1953.8,-1886.5,-1834.8,-1796.6,-1770.4,-1755,-1852.5,-1858.2,-1875.3,-1904.7,-1947.5,-2005.6,-2081.3,-2177.9,-2298.9,-2447.8,-2626.7,-2834.1,-3061.6,-3290.6,-3492.3,-3632.5,-3682.9,-3632.5,-3492.3,-3290.6,-3061.6,-2834.1,-2626.7,-2447.8,-2298.9,-2177.9,-2081.3,-2005.6,-1947.5,-1904.7,-1875.3,-1858.2,-1957.9,-1964.2,-1983.3,-2015.9,-2063.7,-2128.5,-2213.4,-2322.1,-2459,-2628.7,-2834.4,-3075.1,-3341.8,-3612.8,-3853.4,-4021.6,-4082.3,-4021.6,-3853.4,-3612.8,-3341.8,-3075.1,-2834.4,-2628.7,-2459,-2322.1,-2213.4,-2128.5,-2063.7,-2015.9,-1983.3,-1964.2,-2065.4,-2072.3,-2093.4,-2129.6,-2182.5,-2254.6,-2349.2,-2470.9,-2625.1,-2817.5,-3052.6,-3330.7,-3641.8,-3961.1,-4246.7,-4447.5,-4520.1,-4447.5,-4246.7,-3961.1,-3641.8,-3330.7,-3052.6,-2817.5,-2625.1,-2470.9,-2349.2,-2254.6,-2182.5,-2129.6,-2093.4,-2072.3,-2174,-2181.7,-2204.9,-2244.7,-2303.1,-2382.8,-2487.7,-2623.2,-2795.7,-3012.6,-3280.1,-3599.3,-3960.3,-4334.4,-4671.6,-4909.9,-4996.4,-4909.9,-4671.6,-4334.4,-3960.3,-3599.3,-3280.1,-3012.6,-2795.7,-2623.2,-2487.7,-2382.8,-2303.1,-2244.7,-2204.9,-2181.7,-2282.8,-2291.2,-2316.6,-2360.2,-2424.2,-2511.8,-2627.4,-2777.3,-2969.3,-3212.3,-3514.6,-3878.9,-4295.1,-4730.5,-5126.1,-5407,-5509.1,-5407,-5126.1,-4730.5,-4295.1,-3878.9,-3514.6,-3212.3,-2969.3,-2777.3,-2627.4,-2511.8,-2424.2,-2360.2,-2316.6,-2291.2,-2390.5,-2399.6,-2427.2,-2474.8,-2544.5,-2640.1,-2766.8,-2931.6,-3143.8,-3414.3,-3753.5,-4166.4,-4642.9,-5146,-5606.3,-5934.7,-6054.3,-5934.7,-5606.3,-5146,-4642.9,-4166.4,-3753.5,-3414.3,-3143.8,-2931.6,-2766.8,-2640.1,-2544.5,-2474.8,-2427.2,-2399.6,-2495.8,-2505.6,-2535.5,-2586.9,-2662.4,-2766.2,-2904,-3084,-3316.9,-3615.7,-3993.6,-4458,-4999.1,-5575.5,-6106.4,-6486.7,-6625.4,-6486.7,-6106.4,-5575.5,-4999.1,-4458,-3993.6,-3615.7,-3316.9,-3084,-2904,-2766.2,-2662.4,-2586.9,-2535.5,-2505.6,-2597.1,-2607.6,-2639.7,-2694.9,-2776.2,-2888,-3036.9,-3232,-3485.7,-3813.3,-4230.9,-4748.6,-5357.7,-6011.9,-6618.1,-7053.8,-7212.9,-7053.8,-6618.1,-6011.9,-5357.7,-4748.6,-4230.9,-3813.3,-3485.7,-3232,-3036.9,-2888,-2776.2,-2694.9,-2639.7,-2607.6,-2692.9,-2704.1,-2738.3,-2797.2,-2884.1,-3003.7,-3163.3,-3373.3,-3647.4,-4003.5,-4460.8,-5032.7,-5711.4,-6446.2,-7130.7,-7623.9,-7804.2,-7623.9,-7130.7,-6446.2,-5711.4,-5032.7,-4460.8,-4003.5,-3647.4,-3373.3,-3163.3,-3003.7,-2884.1,-2797.2,-2738.3,-2704.1,-2781.4,-2793.3,-2829.5,-2892,-2984,-3111.1,-3280.9,-3505,-3798.7,-4182.4,-4678.4,-5303.7,-6051.9,-6867.6,-7631,-8182.1,-8383.6,-8182.1,-7631,-6867.6,-6051.9,-5303.7,-4678.4,-4182.4,-3798.7,-3505,-3280.9,-3111.1,-2984,-2892,-2829.5,-2793.3,-2861.1,-2873.6,-2911.7,-2977.3,-3074.2,-3208,-3387.3,-3624.4,-3936.3,-4345.7,-4878.3,-5554.7,-6369.8,-7263.9,-8103.9,-8711.1,-8933.1,-8711.1,-8103.9,-7263.9,-6369.8,-5554.7,-4878.3,-4345.7,-3936.3,-3624.4,-3387.3,-3208,-3074.2,-2977.3,-2911.7,-2873.6,-2930.4,-2943.4,-2983.1,-3051.6,-3152.7,-3292.6,-3480.2,-3728.8,-4057,-4489.6,-5055.4,-5778.3,-6655.2,-7622,-8533,-9192.1,-9433,-9192.1,-8533,-7622,-6655.2,-5778.3,-5055.4,-4489.6,-4057,-3728.8,-3480.2,-3292.6,-3152.7,-3051.6,-2983.1,-2943.4,-2987.8,-3001.3,-3042.3,-3113.2,-3217.9,-3362.8,-3557.4,-3815.8,-4157.8,-4610.1,-5204.3,-5967.5,-6898.1,-7928.5,-8901.7,-9606,-9863.3,-9606,-8901.7,-7928.5,-6898.1,-5967.5,-5204.3,-4610.1,-4157.8,-3815.8,-3557.4,-3362.8,-3217.9,-3113.2,-3042.3,-3001.3,-3032.1,-3045.9,-3088,-3160.7,-3268.2,-3417,-3617.1,-3883.1,-4236,-4703.8,-5320.5,-6115.8,-7089.6,-8171.2,-9194.4,-9934.9,-10205,-9934.9,-9194.4,-8171.2,-7089.6,-6115.8,-5320.5,-4703.8,-4236,-3883.1,-3617.1,-3417,-3268.2,-3160.7,-3088,-3045.9,-3062.1,-3076.2,-3119,-3193,-3302.4,-3453.9,-3657.8,-3929.1,-4289.3,-4767.9,-5400.3,-6218,-7221.9,-8339.4,-9397.7,-10164,-10443,-10164,-9397.7,-8339.4,-7221.9,-6218,-5400.3,-4767.9,-4289.3,-3929.1,-3657.8,-3453.9,-3302.4,-3193,-3119,-3076.2,-3077.4,-3091.5,-3134.7,-3209.4,-3319.7,-3472.6,-3678.4,-3952.4,-4316.4,-4800.5,-5440.8,-6270.1,-7289.5,-8425.5,-9501.9,-10281,-10565,-10281,-9501.9,-8425.5,-7289.5,-6270.1,-5440.8,-4800.5,-4316.4,-3952.4,-3678.4,-3472.6,-3319.7,-3209.4,-3134.7,-3091.5,-3077.4,-3091.5,-3134.7,-3209.4,-3319.7,-3472.6,-3678.4,-3952.4,-4316.4,-4800.5,-5440.8,-6270.1,-7289.5,-8425.5,-9501.9,-10281,-10565,-10281,-9501.9,-8425.5,-7289.5,-6270.1,-5440.8,-4800.5,-4316.4,-3952.4,-3678.4,-3472.6,-3319.7,-3209.4,-3134.7,-3091.5,-3062.1,-3076.2,-3119,-3193,-3302.4,-3453.9,-3657.8,-3929.1,-4289.3,-4767.9,-5400.3,-6218,-7221.9,-8339.4,-9397.7,-10164,-10443,-10164,-9397.7,-8339.4,-7221.9,-6218,-5400.3,-4767.9,-4289.3,-3929.1,-3657.8,-3453.9,-3302.4,-3193,-3119,-3076.2,-3032.1,-3045.9,-3088,-3160.7,-3268.2,-3417,-3617.1,-3883.1,-4236,-4703.8,-5320.5,-6115.8,-7089.6,-8171.2,-9194.4,-9934.9,-10205,-9934.9,-9194.4,-8171.2,-7089.6,-6115.8,-5320.5,-4703.8,-4236,-3883.1,-3617.1,-3417,-3268.2,-3160.7,-3088,-3045.9,-2987.8,-3001.3,-3042.3,-3113.2,-3217.9,-3362.8,-3557.4,-3815.8,-4157.8,-4610.1,-5204.3,-5967.5,-6898.1,-7928.5,-8901.7,-9606,-9863.3,-9606,-8901.7,-7928.5,-6898.1,-5967.5,-5204.3,-4610.1,-4157.8,-3815.8,-3557.4,-3362.8,-3217.9,-3113.2,-3042.3,-3001.3,-2930.4,-2943.4,-2983.1,-3051.6,-3152.7,-3292.6,-3480.2,-3728.8,-4057,-4489.6,-5055.4,-5778.3,-6655.2,-7622,-8533,-9192.1,-9433,-9192.1,-8533,-7622,-6655.2,-5778.3,-5055.4,-4489.6,-4057,-3728.8,-3480.2,-3292.6,-3152.7,-3051.6,-2983.1,-2943.4,-2861.1,-2873.6,-2911.7,-2977.3,-3074.2,-3208,-3387.3,-3624.4,-3936.3,-4345.7,-4878.3,-5554.7,-6369.8,-7263.9,-8103.9,-8711.1,-8933.1,-8711.1,-8103.9,-7263.9,-6369.8,-5554.7,-4878.3,-4345.7,-3936.3,-3624.4,-3387.3,-3208,-3074.2,-2977.3,-2911.7,-2873.6,-2781.4,-2793.3,-2829.5,-2892,-2984,-3111.1,-3280.9,-3505,-3798.7,-4182.4,-4678.4,-5303.7,-6051.9,-6867.6,-7631,-8182.1,-8383.6,-8182.1,-7631,-6867.6,-6051.9,-5303.7,-4678.4,-4182.4,-3798.7,-3505,-3280.9,-3111.1,-2984,-2892,-2829.5,-2793.3,-2692.9,-2704.1,-2738.3,-2797.2,-2884.1,-3003.7,-3163.3,-3373.3,-3647.4,-4003.5,-4460.8,-5032.7,-5711.4,-6446.2,-7130.7,-7623.9,-7804.2,-7623.9,-7130.7,-6446.2,-5711.4,-5032.7,-4460.8,-4003.5,-3647.4,-3373.3,-3163.3,-3003.7,-2884.1,-2797.2,-2738.3,-2704.1,-2597.1,-2607.6,-2639.7,-2694.9,-2776.2,-2888,-3036.9,-3232,-3485.7,-3813.3,-4230.9,-4748.6,-5357.7,-6011.9,-6618.1,-7053.8,-7212.9,-7053.8,-6618.1,-6011.9,-5357.7,-4748.6,-4230.9,-3813.3,-3485.7,-3232,-3036.9,-2888,-2776.2,-2694.9,-2639.7,-2607.6,-2495.8,-2505.6,-2535.5,-2586.9,-2662.4,-2766.2,-2904,-3084,-3316.9,-3615.7,-3993.6,-4458,-4999.1,-5575.5,-6106.4,-6486.7,-6625.4,-6486.7,-6106.4,-5575.5,-4999.1,-4458,-3993.6,-3615.7,-3316.9,-3084,-2904,-2766.2,-2662.4,-2586.9,-2535.5,-2505.6,-2390.5,-2399.6,-2427.2,-2474.8,-2544.5,-2640.1,-2766.8,-2931.6,-3143.8,-3414.3,-3753.5,-4166.4,-4642.9,-5146,-5606.3,-5934.7,-6054.3,-5934.7,-5606.3,-5146,-4642.9,-4166.4,-3753.5,-3414.3,-3143.8,-2931.6,-2766.8,-2640.1,-2544.5,-2474.8,-2427.2,-2399.6,-2282.8,-2291.2,-2316.6,-2360.2,-2424.2,-2511.8,-2627.4,-2777.3,-2969.3,-3212.3,-3514.6,-3878.9,-4295.1,-4730.5,-5126.1,-5407,-5509.1,-5407,-5126.1,-4730.5,-4295.1,-3878.9,-3514.6,-3212.3,-2969.3,-2777.3,-2627.4,-2511.8,-2424.2,-2360.2,-2316.6,-2291.2,-2174,-2181.7,-2204.9,-2244.7,-2303.1,-2382.8,-2487.7,-2623.2,-2795.7,-3012.6,-3280.1,-3599.3,-3960.3,-4334.4,-4671.6,-4909.9,-4996.4,-4909.9,-4671.6,-4334.4,-3960.3,-3599.3,-3280.1,-3012.6,-2795.7,-2623.2,-2487.7,-2382.8,-2303.1,-2244.7,-2204.9,-2181.7,-2065.4,-2072.3,-2093.4,-2129.6,-2182.5,-2254.6,-2349.2,-2470.9,-2625.1,-2817.5,-3052.6,-3330.7,-3641.8,-3961.1,-4246.7,-4447.5,-4520.1,-4447.5,-4246.7,-3961.1,-3641.8,-3330.7,-3052.6,-2817.5,-2625.1,-2470.9,-2349.2,-2254.6,-2182.5,-2129.6,-2093.4,-2072.3,-1957.9,-1964.2,-1983.3,-2015.9,-2063.7,-2128.5,-2213.4,-2322.1,-2459,-2628.7,-2834.4,-3075.1,-3341.8,-3612.8,-3853.4,-4021.6,-4082.3,-4021.6,-3853.4,-3612.8,-3341.8,-3075.1,-2834.4,-2628.7,-2459,-2322.1,-2213.4,-2128.5,-2063.7,-2015.9,-1983.3,-1964.2,-1852.5,-1858.2,-1875.3,-1904.7,-1947.5,-2005.6,-2081.3,-2177.9,-2298.9,-2447.8,-2626.7,-2834.1,-3061.6,-3290.6,-3492.3,-3632.5,-3682.9,-3632.5,-3492.3,-3290.6,-3061.6,-2834.1,-2626.7,-2447.8,-2298.9,-2177.9,-2081.3,-2005.6,-1947.5,-1904.7,-1875.3,-1858.2,-1750,-1755,-1770.4,-1796.6,-1834.8,-1886.5,-1953.8,-2039.2,-2145.6,-2275.6,-2430.5,-2608.5,-2801.7,-2994.5,-3162.8,-3279.2,-3321,-3279.2,-3162.8,-2994.5,-2801.7,-2608.5,-2430.5,-2275.6,-2145.6,-2039.2,-1953.8,-1886.5,-1834.8,-1796.6,-1770.4,-1755,-1650.8,-1655.3,-1668.9,-1692.3,-1726.3,-1772.1,-1831.6,-1906.7,-1999.8,-2112.8,-2246.4,-2398.5,-2562.1,-2723.7,-2863.9,-2960.2,-2994.7,-2960.2,-2863.9,-2723.7,-2562.1,-2398.5,-2246.4,-2112.8,-1999.8,-1906.7,-1831.6,-1772.1,-1726.3,-1692.3,-1668.9,-1655.3,-1555.4,-1559.4,-1571.5,-1592.2,-1622.2,-1662.7,-1715,-1780.9,-1862,-1959.9,-2074.6,-2204.1,-2342.1,-2477.3,-2593.7,-2673.2,-2701.6,-2673.2,-2593.7,-2477.3,-2342.1,-2204.1,-2074.6,-1959.9,-1862,-1780.9,-1715,-1662.7,-1622.2,-1592.2,-1571.5,-1559.4,-1464.1,-1467.6,-1478.3,-1496.6,-1523,-1558.6,-1604.4,-1661.9,-1732.3,-1816.7,-1915,-2024.9,-2141,-2253.8,-2350.2,-2415.8,-2439.1,-2415.8,-2350.2,-2253.8,-2141,-2024.9,-1915,-1816.7,-1732.3,-1661.9,-1604.4,-1558.6,-1523,-1496.6,-1478.3,-1467.6,-1377.1,-1380.2,-1389.6,-1405.6,-1428.8,-1460,-1500,-1549.9,-1610.8,-1683.3,-1767.2,-1860.2,-1957.6,-2051.6,-2131.3,-2185.3,-2204.4,-2185.3,-2131.3,-2051.6,-1957.6,-1860.2,-1767.2,-1683.3,-1610.8,-1549.9,-1500,-1460,-1428.8,-1405.6,-1389.6,-1380.2,-1294.5,-1297.2,-1305.5,-1319.5,-1339.8,-1366.9,-1401.6,-1444.9,-1497.3,-1559.4,-1630.7,-1709.2,-1790.9,-1869,-1934.8,-1979.1,-1994.8,-1979.1,-1934.8,-1869,-1790.9,-1709.2,-1630.7,-1559.4,-1497.3,-1444.9,-1401.6,-1366.9,-1339.8,-1319.5,-1305.5,-1297.2,-1216.4,-1218.8,-1225.9,-1238.1,-1255.7,-1279.3,-1309.3,-1346.6,-1391.7,-1444.7,-1505.1,-1571.2,-1639.4,-1704.2,-1758.5,-1794.9,-1807.7,-1794.9,-1758.5,-1704.2,-1639.4,-1571.2,-1505.1,-1444.7,-1391.7,-1346.6,-1309.3,-1279.3,-1255.7,-1238.1,-1225.9,-1218.8,-1142.7,-1144.7,-1150.9,-1161.5,-1176.7,-1197.1,-1223,-1255,-1293.5,-1338.6,-1389.7,-1445.2,-1502.1,-1555.7,-1600.4,-1630.3,-1640.8,-1630.3,-1600.4,-1555.7,-1502.1,-1445.2,-1389.7,-1338.6,-1293.5,-1255,-1223,-1197.1,-1176.7,-1161.5,-1150.9,-1144.7,-1073.2,-1075,-1080.4,-1089.5,-1102.6,-1120.1,-1142.3,-1169.7,-1202.5,-1240.7,-1283.8,-1330.2,-1377.5,-1421.9,-1458.7,-1483.1,-1491.7,-1483.1,-1458.7,-1421.9,-1377.5,-1330.2,-1283.8,-1240.7,-1202.5,-1169.7,-1142.3,-1120.1,-1102.6,-1089.5,-1080.4,-1075,-1008,-1009.5,-1014.1,-1022,-1033.2,-1048.1,-1067.1,-1090.4,-1118.2,-1150.5,-1186.7,-1225.5,-1264.7,-1301.4,-1331.5,-1351.5,-1358.6,-1351.5,-1331.5,-1301.4,-1264.7,-1225.5,-1186.7,-1150.5,-1118.2,-1090.4,-1067.1,-1048.1,-1033.2,-1022,-1014.1,-1009.5,-946.8,-948.1,-952.03,-958.7,-968.28,-981,-997.12,-1016.9,-1040.3,-1067.5,-1097.7,-1130,-1162.5,-1192.7,-1217.4,-1233.8,-1239.5,-1233.8,-1217.4,-1192.7,-1162.5,-1130,-1097.7,-1067.5,-1040.3,-1016.9,-997.12,-981,-968.28,-958.7,-952.03,-948.1,-889.47,-890.57,-893.9,-899.55,-907.66,-918.42,-932.03,-948.65,-968.38,-991.09,-1016.3,-1043.1,-1069.9,-1094.6,-1114.9,-1128.2,-1132.9,-1128.2,-1114.9,-1094.6,-1069.9,-1043.1,-1016.3,-991.09,-968.38,-948.65,-932.03,-918.42,-907.66,-899.55,-893.9,-890.57,-835.81,-836.74,-839.54,-844.29,-851.1,-860.14,-871.55,-885.47,-901.95,-920.85,-941.76,-963.87,-985.91,-1006.2,-1022.7,-1033.5,-1037.3,-1033.5,-1022.7,-1006.2,-985.91,-963.87,-941.76,-920.85,-901.95,-885.47,-871.55,-860.14,-851.1,-844.29,-839.54,-836.74,-785.64,-786.41,-788.74,-792.7,-798.38,-805.91,-815.4,-826.97,-840.64,-856.27,-873.51,-891.68,-909.71,-926.22,-939.62,-948.4,-951.46,-948.4,-939.62,-926.22,-909.71,-891.68,-873.51,-856.27,-840.64,-826.97,-815.4,-805.91,-798.38,-792.7,-788.74,-786.41,-738.76,-739.39,-741.32,-744.58,-749.26,-755.47,-763.3,-772.83,-784.07,-796.91,-811.02,-825.85,-840.52,-853.91,-864.74,-871.82,-874.29,-871.82,-864.74,-853.91,-840.52,-825.85,-811.02,-796.91,-784.07,-772.83,-763.3,-755.47,-749.26,-744.58,-741.32,-739.39,-694.97,-695.49,-697.05,-699.71,-703.52,-708.57,-714.95,-722.72,-731.88,-742.32,-753.78,-765.79,-777.64,-788.43,-797.13,-802.81,-804.79,-802.81,-797.13,-788.43,-777.64,-765.79,-753.78,-742.32,-731.88,-722.72,-714.95,-708.57,-703.52,-699.71,-697.05,-695.49
