-810.38,-810.38,-810.38,-810.38,-810.38,-810.38,-810.38,-810.38,-1173.8,-1173.8,-1173.8,-1173.8,-1173.8,-1173.8,-1173.8,-1173.8,-1761.3,-1761.3,-1761.3,-1761.3,-1761.3,-1761.3,-1761.3,-1761.3,-2731.8,-2731.8,-2731.8,-2731.8,-2731.8,-2731.8,-2731.8,-2731.8,-4322.9,-4322.9,-4322.9,-4322.9,-4322.9,-4322.9,-4322.9,-4322.9,-6741.9,-6741.9,-6741.9,-6741.9,-6741.9,-6741.9,-6741.9,-6741.9,-9727,-9727,-9727,-9727,-9727,-9727,-9727,-9727,-12007,-12007,-12007,-12007,-12007,-12007,-12007,-12007,-12007,-12007,-12007,-12007,-12007,-12007,-12007,-12007,-9727,-9727,-9727,-9727,-9727,-9727,-9727,-9727,-6741.9,-6741.9,-6741.9,-6741.9,-6741.9,-6741.9,-6741.9,-6741.9,-4322.9,-4322.9,-4322.9,-4322.9,-4322.9,-4322.9,-4322.9,-4322.9,-2731.8,-2731.8,-2731.8,-2731.8,-2731.8,-2731.8,-2731.8,-2731.8,-1761.3,-1761.3,-1761.3,-1761.3,-1761.3,-1761.3,-1761.3,-1761.3,-1173.8,-1173.8,-1173.8,-1173.8,-1173.8,-1173.8,-1173.8,-1173.8,-810.38,-810.38,-810.38,-810.38,-810.38,-810.38,-810.38,-810.38
-809.93,-810.06,-810.37,-810.68,-810.81,-810.68,-810.37,-810.06,-1172,-1172.5,-1173.8,-1175,-1175.5,-1175,-1173.8,-1172.5,-1756.3,-1757.7,-1761.2,-1764.7,-1766.2,-1764.7,-1761.2,-1757.7,-2719.3,-2722.9,-2731.7,-2740.6,-2744.4,-2740.6,-2731.7,-2722.9,-4293.1,-4301.7,-4322.7,-4344,-4352.9,-4344,-4322.7,-4301.7,-6677.4,-6695.9,-6741.4,-6787.8,-6807.2,-6787.8,-6741.4,-6695.9,-9609.7,-9643.5,-9726.3,-9810.8,-9846.3,-9810.8,-9726.3,-9643.5,-11844,-11891,-12006,-12123,-12172,-12123,-12006,-11891,-11844,-11891,-12006,-12123,-12172,-12123,-12006,-11891,-9609.7,-9643.5,-9726.3,-9810.8,-9846.3,-9810.8,-9726.3,-9643.5,-6677.4,-6695.9,-6741.4,-6787.8,-6807.2,-6787.8,-6741.4,-6695.9,-4293.1,-4301.7,-4322.7,-4344,-4352.9,-4344,-4322.7,-4301.7,-2719.3,-2722.9,-2731.7,-2740.6,-2744.4,-2740.6,-2731.7,-2722.9,-1756.3,-1757.7,-1761.2,-1764.7,-1766.2,-1764.7,-1761.2,-1757.7,-1172,-1172.5,-1173.8,-1175,-1175.5,-1175,-1173.8,-1172.5,-809.93,-810.06,-810.37,-810.68,-810.81,-810.68,-810.37,-810.06
-809.48,-809.73,-810.34,-810.97,-811.24,-810.97,-810.34,-809.73,-1170.3,-1171.3,-1173.7,-1176.2,-1177.3,-1176.2,-1173.7,-1171.3,-1751.4,-1754.2,-1761.1,-1768.1,-1771.1,-1768.1,-1761.1,-1754.2,-2706.9,-2714,-2731.5,-2749.4,-2757,-2749.4,-2731.5,-2714,-4263.6,-4280.5,-4322,-4365,-4383.2,-4365,-4322,-4280.5,-6613.7,-6650,-6740.1,-6833.7,-6873.5,-6833.7,-6740.1,-6650,-9494.3,-9560.3,-9724.1,-9894.7,-9967.5,-9894.7,-9724.1,-9560.3,-11684,-11776,-12003,-12240,-12341,-12240,-12003,-11776,-11684,-11776,-12003,-12240,-12341,-12240,-12003,-11776,-9494.3,-9560.3,-9724.1,-9894.7,-9967.5,-9894.7,-9724.1,-9560.3,-6613.7,-6650,-6740.1,-6833.7,-6873.5,-6833.7,-6740.1,-6650,-4263.6,-4280.5,-4322,-4365,-4383.2,-4365,-4322,-4280.5,-2706.9,-2714,-2731.5,-2749.4,-2757,-2749.4,-2731.5,-2714,-1751.4,-1754.2,-1761.1,-1768.1,-1771.1,-1768.1,-1761.1,-1754.2,-1170.3,-1171.3,-1173.7,-1176.2,-1177.3,-1176.2,-1173.7,-1171.3,-809.48,-809.73,-810.34,-810.97,-811.24,-810.97,-810.34,-809.73
-809.02,-809.39,-810.3,-811.25,-811.65,-811.25,-810.3,-809.39,-1168.5,-1170,-1173.6,-1177.4,-1179,-1177.4,-1173.6,-1170,-1746.5,-1750.6,-1760.9,-1771.5,-1776.1,-1771.5,-1760.9,-1750.6,-2694.5,-2705,-2731,-2758.1,-2769.7,-2758.1,-2731,-2705,-4234.4,-4259.2,-4321,-4385.9,-4413.8,-4385.9,-4321,-4259.2,-6550.9,-6604.2,-6738,-6879.6,-6940.6,-6879.6,-6738,-6604.2,-9380.8,-9477.3,-9720.5,-9979,-10091,-9979,-9720.5,-9477.3,-11527,-11661,-11998,-12358,-12513,-12358,-11998,-11661,-11527,-11661,-11998,-12358,-12513,-12358,-11998,-11661,-9380.8,-9477.3,-9720.5,-9979,-10091,-9979,-9720.5,-9477.3,-6550.9,-6604.2,-6738,-6879.6,-6940.6,-6879.6,-6738,-6604.2,-4234.4,-4259.2,-4321,-4385.9,-4413.8,-4385.9,-4321,-4259.2,-2694.5,-2705,-2731,-2758.1,-2769.7,-2758.1,-2731,-2705,-1746.5,-1750.6,-1760.9,-1771.5,-1776.1,-1771.5,-1760.9,-1750.6,-1168.5,-1170,-1173.6,-1177.4,-1179,-1177.4,-1173.6,-1170,-809.02,-809.39,-810.3,-811.25,-811.65,-811.25,-810.3,-809.39
-808.55,-809.03,-810.23,-811.51,-812.06,-811.51,-810.23,-809.03,-1166.7,-1168.6,-1173.5,-1178.5,-1180.7,-1178.5,-1173.5,-1168.6,-1741.6,-1747,-1760.6,-1774.9,-1781,-1774.9,-1760.6,-1747,-2682.2,-2695.9,-2730.4,-2766.7,-2782.4,-2766.7,-2730.4,-2695.9,-4205.5,-4237.8,-4319.6,-4406.8,-4444.7,-4406.8,-4319.6,-4237.8,-6488.9,-6558.3,-6735,-6925.4,-7008.7,-6925.4,-6735,-6558.3,-9269.2,-9394.7,-9715.4,-10063,-10216,-10063,-9715.4,-9394.7,-11373,-11547,-11992,-12476,-12688,-12476,-11992,-11547,-11373,-11547,-11992,-12476,-12688,-12476,-11992,-11547,-9269.2,-9394.7,-9715.4,-10063,-10216,-10063,-9715.4,-9394.7,-6488.9,-6558.3,-6735,-6925.4,-7008.7,-6925.4,-6735,-6558.3,-4205.5,-4237.8,-4319.6,-4406.8,-4444.7,-4406.8,-4319.6,-4237.8,-2682.2,-2695.9,-2730.4,-2766.7,-2782.4,-2766.7,-2730.4,-2695.9,-1741.6,-1747,-1760.6,-1774.9,-1781,-1774.9,-1760.6,-1747,-1166.7,-1168.6,-1173.5,-1178.5,-1180.7,-1178.5,-1173.5,-1168.6,-808.55,-809.03,-810.23,-811.51,-812.06,-811.51,-810.23,-809.03
-808.07,-808.66,-810.15,-811.76,-812.46,-811.76,-810.15,-808.66,-1164.9,-1167.3,-1173.3,-1179.7,-1182.4,-1179.7,-1173.3,-1167.3,-1736.7,-1743.4,-1760.2,-1778.2,-1785.9,-1778.2,-1760.2,-1743.4,-2670,-2686.8,-2729.5,-2775.3,-2795.2,-2775.3,-2729.5,-2686.8,-4176.9,-4216.5,-4317.7,-4427.6,-4475.8,-4427.6,-4317.7,-4216.5,-6427.7,-6512.5,-6731.1,-6971.3,-7077.7,-6971.3,-6731.1,-6512.5,-9159.4,-9312.3,-9708.9,-10148,-10344,-10148,-9708.9,-9312.3,-11222,-11433,-11984,-12594,-12866,-12594,-11984,-11433,-11222,-11433,-11984,-12594,-12866,-12594,-11984,-11433,-9159.4,-9312.3,-9708.9,-10148,-10344,-10148,-9708.9,-9312.3,-6427.7,-6512.5,-6731.1,-6971.3,-7077.7,-6971.3,-6731.1,-6512.5,-4176.9,-4216.5,-4317.7,-4427.6,-4475.8,-4427.6,-4317.7,-4216.5,-2670,-2686.8,-2729.5,-2775.3,-2795.2,-2775.3,-2729.5,-2686.8,-1736.7,-1743.4,-1760.2,-1778.2,-1785.9,-1778.2,-1760.2,-1743.4,-1164.9,-1167.3,-1173.3,-1179.7,-1182.4,-1179.7,-1173.3,-1167.3,-808.07,-808.66,-810.15,-811.76,-812.46,-811.76,-810.15,-808.66
-807.58,-808.27,-810.05,-811.99,-812.84,-811.99,-810.05,-808.27,-1163.1,-1165.9,-1173.1,-1180.8,-1184.1,-1180.8,-1173.1,-1165.9,-1731.7,-1739.7,-1759.8,-1781.5,-1790.9,-1781.5,-1759.8,-1739.7,-2657.8,-2677.7,-2728.5,-2783.8,-2808.1,-2783.8,-2728.5,-2677.7,-4148.5,-4195,-4315.4,-4448.3,-4507.3,-4448.3,-4315.4,-4195,-6367.4,-6466.8,-6726.4,-7017.1,-7147.6,-7017.1,-6726.4,-6466.8,-9051.4,-9230.2,-9700.9,-10233,-10473,-10233,-9700.9,-9230.2,-11073,-11321,-11973,-12713,-13048,-12713,-11973,-11321,-11073,-11321,-11973,-12713,-13048,-12713,-11973,-11321,-9051.4,-9230.2,-9700.9,-10233,-10473,-10233,-9700.9,-9230.2,-6367.4,-6466.8,-6726.4,-7017.1,-7147.6,-7017.1,-6726.4,-6466.8,-4148.5,-4195,-4315.4,-4448.3,-4507.3,-4448.3,-4315.4,-4195,-2657.8,-2677.7,-2728.5,-2783.8,-2808.1,-2783.8,-2728.5,-2677.7,-1731.7,-1739.7,-1759.8,-1781.5,-1790.9,-1781.5,-1759.8,-1739.7,-1163.1,-1165.9,-1173.1,-1180.8,-1184.1,-1180.8,-1173.1,-1165.9,-807.58,-808.27,-810.05,-811.99,-812.84,-811.99,-810.05,-808.27
-807.08,-807.87,-809.93,-812.21,-813.22,-812.21,-809.93,-807.87,-1161.3,-1164.6,-1172.9,-1181.9,-1185.8,-1181.9,-1172.9,-1164.6,-1726.8,-1735.9,-1759.3,-1784.7,-1795.8,-1784.7,-1759.3,-1735.9,-2645.7,-2668.5,-2727.3,-2792.2,-2821,-2792.2,-2727.3,-2668.5,-4120.3,-4173.6,-4312.7,-4468.8,-4539.1,-4468.8,-4312.7,-4173.6,-6307.8,-6421.1,-6720.8,-7062.8,-7218.5,-7062.8,-6720.8,-6421.1,-8945.1,-9148.5,-9691.5,-10318,-10605,-10318,-9691.5,-9148.5,-10927,-11208,-11961,-12833,-13233,-12833,-11961,-11208,-10927,-11208,-11961,-12833,-13233,-12833,-11961,-11208,-8945.1,-9148.5,-9691.5,-10318,-10605,-10318,-9691.5,-9148.5,-6307.8,-6421.1,-6720.8,-7062.8,-7218.5,-7062.8,-6720.8,-6421.1,-4120.3,-4173.6,-4312.7,-4468.8,-4539.1,-4468.8,-4312.7,-4173.6,-2645.7,-2668.5,-2727.3,-2792.2,-2821,-2792.2,-2727.3,-2668.5,-1726.8,-1735.9,-1759.3,-1784.7,-1795.8,-1784.7,-1759.3,-1735.9,-1161.3,-1164.6,-1172.9,-1181.9,-1185.8,-1181.9,-1172.9,-1164.6,-807.08,-807.87,-809.93,-812.21,-813.22,-812.21,-809.93,-807.87
-806.58,-807.46,-809.79,-812.41,-813.59,-812.41,-809.79,-807.46,-1159.5,-1163.2,-1172.6,-1182.9,-1187.5,-1182.9,-1172.6,-1163.2,-1721.9,-1732.2,-1758.7,-1787.8,-1800.8,-1787.8,-1758.7,-1732.2,-2633.7,-2659.3,-2726,-2800.6,-2834,-2800.6,-2726,-2659.3,-4092.4,-4152.1,-4309.6,-4489.3,-4571.1,-4489.3,-4309.6,-4152.1,-6249,-6375.5,-6714.4,-7108.4,-7290.3,-7108.4,-6714.4,-6375.5,-8840.5,-9067.1,-9680.6,-10403,-10739,-10403,-9680.6,-9067.1,-10784,-11097,-11947,-12953,-13421,-12953,-11947,-11097,-10784,-11097,-11947,-12953,-13421,-12953,-11947,-11097,-8840.5,-9067.1,-9680.6,-10403,-10739,-10403,-9680.6,-9067.1,-6249,-6375.5,-6714.4,-7108.4,-7290.3,-7108.4,-6714.4,-6375.5,-4092.4,-4152.1,-4309.6,-4489.3,-4571.1,-4489.3,-4309.6,-4152.1,-2633.7,-2659.3,-2726,-2800.6,-2834,-2800.6,-2726,-2659.3,-1721.9,-1732.2,-1758.7,-1787.8,-1800.8,-1787.8,-1758.7,-1732.2,-1159.5,-1163.2,-1172.6,-1182.9,-1187.5,-1182.9,-1172.6,-1163.2,-806.58,-807.46,-809.79,-812.41,-813.59,-812.41,-809.79,-807.46
-806.06,-807.04,-809.64,-812.6,-813.94,-812.6,-809.64,-807.04,-1157.7,-1161.7,-1172.3,-1184,-1189.2,-1184,-1172.3,-1161.7,-1717.1,-1728.4,-1758,-1791,-1805.7,-1791,-1758,-1728.4,-2621.7,-2650,-2724.4,-2808.8,-2847.1,-2808.8,-2724.4,-2650,-4064.8,-4130.5,-4306.1,-4509.7,-4603.5,-4509.7,-4306.1,-4130.5,-6191,-6329.9,-6707.1,-7154,-7363.1,-7154,-6707.1,-6329.9,-8737.6,-8986.1,-9668.3,-10488,-10875,-10488,-9668.3,-8986.1,-10643,-10986,-11932,-13074,-13613,-13074,-11932,-10986,-10643,-10986,-11932,-13074,-13613,-13074,-11932,-10986,-8737.6,-8986.1,-9668.3,-10488,-10875,-10488,-9668.3,-8986.1,-6191,-6329.9,-6707.1,-7154,-7363.1,-7154,-6707.1,-6329.9,-4064.8,-4130.5,-4306.1,-4509.7,-4603.5,-4509.7,-4306.1,-4130.5,-2621.7,-2650,-2724.4,-2808.8,-2847.1,-2808.8,-2724.4,-2650,-1717.1,-1728.4,-1758,-1791,-1805.7,-1791,-1758,-1728.4,-1157.7,-1161.7,-1172.3,-1184,-1189.2,-1184,-1172.3,-1161.7,-806.06,-807.04,-809.64,-812.6,-813.94,-812.6,-809.64,-807.04
-805.54,-806.6,-809.46,-812.77,-814.29,-812.77,-809.46,-806.6,-1155.8,-1160.3,-1171.9,-1185,-1190.8,-1185,-1171.9,-1160.3,-1712.2,-1724.6,-1757.2,-1794.1,-1810.7,-1794.1,-1757.2,-1724.6,-2609.8,-2640.6,-2722.7,-2817,-2860.3,-2817,-2722.7,-2640.6,-4037.5,-4109,-4302.2,-4529.9,-4636.1,-4529.9,-4302.2,-4109,-6133.7,-6284.5,-6698.9,-7199.4,-7437,-7199.4,-6698.9,-6284.5,-8636.4,-8905.4,-9654.5,-10574,-11014,-10574,-9654.5,-8905.4,-10505,-10875,-11914,-13195,-13808,-13195,-11914,-10875,-10505,-10875,-11914,-13195,-13808,-13195,-11914,-10875,-8636.4,-8905.4,-9654.5,-10574,-11014,-10574,-9654.5,-8905.4,-6133.7,-6284.5,-6698.9,-7199.4,-7437,-7199.4,-6698.9,-6284.5,-4037.5,-4109,-4302.2,-4529.9,-4636.1,-4529.9,-4302.2,-4109,-2609.8,-2640.6,-2722.7,-2817,-2860.3,-2817,-2722.7,-2640.6,-1712.2,-1724.6,-1757.2,-1794.1,-1810.7,-1794.1,-1757.2,-1724.6,-1155.8,-1160.3,-1171.9,-1185,-1190.8,-1185,-1171.9,-1160.3,-805.54,-806.6,-809.46,-812.77,-814.29,-812.77,-809.46,-806.6
-805.01,-806.15,-809.27,-812.93,-814.63,-812.93,-809.27,-806.15,-1154,-1158.8,-1171.5,-1185.9,-1192.5,-1185.9,-1171.5,-1158.8,-1707.3,-1720.7,-1756.4,-1797.1,-1815.7,-1797.1,-1756.4,-1720.7,-2597.9,-2631.3,-2720.8,-2825.1,-2873.5,-2825.1,-2720.8,-2631.3,-4010.3,-4087.4,-4297.9,-4550,-4669.1,-4550,-4297.9,-4087.4,-6077.2,-6239.1,-6689.9,-7244.8,-7511.8,-7244.8,-6689.9,-6239.1,-8536.8,-8825.1,-9639.3,-10659,-11155,-10659,-9639.3,-8825.1,-10369,-10766,-11894,-13317,-14007,-13317,-11894,-10766,-10369,-10766,-11894,-13317,-14007,-13317,-11894,-10766,-8536.8,-8825.1,-9639.3,-10659,-11155,-10659,-9639.3,-8825.1,-6077.2,-6239.1,-6689.9,-7244.8,-7511.8,-7244.8,-6689.9,-6239.1,-4010.3,-4087.4,-4297.9,-4550,-4669.1,-4550,-4297.9,-4087.4,-2597.9,-2631.3,-2720.8,-2825.1,-2873.5,-2825.1,-2720.8,-2631.3,-1707.3,-1720.7,-1756.4,-1797.1,-1815.7,-1797.1,-1756.4,-1720.7,-1154,-1158.8,-1171.5,-1185.9,-1192.5,-1185.9,-1171.5,-1158.8,-805.01,-806.15,-809.27,-812.93,-814.63,-812.93,-809.27,-806.15
-804.47,-805.69,-809.06,-813.08,-814.95,-813.08,-809.06,-805.69,-1152.2,-1157.3,-1171.1,-1186.9,-1194.1,-1186.9,-1171.1,-1157.3,-1702.4,-1716.9,-1755.5,-1800.1,-1820.6,-1800.1,-1755.5,-1716.9,-2586.1,-2621.9,-2718.7,-2833.2,-2886.7,-2833.2,-2718.7,-2621.9,-3983.5,-4065.8,-4293.1,-4570,-4702.4,-4570,-4293.1,-4065.8,-6021.4,-6193.9,-6680.1,-7290,-7587.6,-7290,-6680.1,-6193.9,-8438.8,-8745.2,-9622.6,-10745,-11298,-10745,-9622.6,-8745.2,-10235,-10657,-11873,-13439,-14209,-13439,-11873,-10657,-10235,-10657,-11873,-13439,-14209,-13439,-11873,-10657,-8438.8,-8745.2,-9622.6,-10745,-11298,-10745,-9622.6,-8745.2,-6021.4,-6193.9,-6680.1,-7290,-7587.6,-7290,-6680.1,-6193.9,-3983.5,-4065.8,-4293.1,-4570,-4702.4,-4570,-4293.1,-4065.8,-2586.1,-2621.9,-2718.7,-2833.2,-2886.7,-2833.2,-2718.7,-2621.9,-1702.4,-1716.9,-1755.5,-1800.1,-1820.6,-1800.1,-1755.5,-1716.9,-1152.2,-1157.3,-1171.1,-1186.9,-1194.1,-1186.9,-1171.1,-1157.3,-804.47,-805.69,-809.06,-813.08,-814.95,-813.08,-809.06,-805.69
-803.92,-805.21,-808.83,-813.21,-815.27,-813.21,-808.83,-805.21,-1150.3,-1155.8,-1170.6,-1187.8,-1195.7,-1187.8,-1170.6,-1155.8,-1697.5,-1713,-1754.5,-1803,-1825.6,-1803,-1754.5,-1713,-2574.4,-2612.4,-2716.4,-2841.1,-2900,-2841.1,-2716.4,-2612.4,-3956.9,-4044.2,-4288,-4589.8,-4736,-4589.8,-4288,-4044.2,-5966.4,-6148.8,-6669.4,-7335.1,-7664.5,-7335.1,-6669.4,-6148.8,-8342.4,-8665.7,-9604.5,-10831,-11444,-10831,-9604.5,-8665.7,-10104,-10548,-11850,-13562,-14415,-13562,-11850,-10548,-10104,-10548,-11850,-13562,-14415,-13562,-11850,-10548,-8342.4,-8665.7,-9604.5,-10831,-11444,-10831,-9604.5,-8665.7,-5966.4,-6148.8,-6669.4,-7335.1,-7664.5,-7335.1,-6669.4,-6148.8,-3956.9,-4044.2,-4288,-4589.8,-4736,-4589.8,-4288,-4044.2,-2574.4,-2612.4,-2716.4,-2841.1,-2900,-2841.1,-2716.4,-2612.4,-1697.5,-1713,-1754.5,-1803,-1825.6,-1803,-1754.5,-1713,-1150.3,-1155.8,-1170.6,-1187.8,-1195.7,-1187.8,-1170.6,-1155.8,-803.92,-805.21,-808.83,-813.21,-815.27,-813.21,-808.83,-805.21
-803.36,-804.73,-808.58,-813.32,-815.57,-813.32,-808.58,-804.73,-1148.5,-1154.3,-1170.1,-1188.7,-1197.3,-1188.7,-1170.1,-1154.3,-1692.7,-1709,-1753.4,-1805.9,-1830.5,-1805.9,-1753.4,-1709,-2562.7,-2603,-2714,-2849,-2913.4,-2849,-2714,-2603,-3930.5,-4022.6,-4282.4,-4609.5,-4769.9,-4609.5,-4282.4,-4022.6,-5912,-6103.8,-6657.9,-7380,-7742.5,-7380,-6657.9,-6103.8,-8247.5,-8586.5,-9585,-10917,-11592,-10917,-9585,-8586.5,-9975.2,-10441,-11824,-13685,-14625,-13685,-11824,-10441,-9975.2,-10441,-11824,-13685,-14625,-13685,-11824,-10441,-8247.5,-8586.5,-9585,-10917,-11592,-10917,-9585,-8586.5,-5912,-6103.8,-6657.9,-7380,-7742.5,-7380,-6657.9,-6103.8,-3930.5,-4022.6,-4282.4,-4609.5,-4769.9,-4609.5,-4282.4,-4022.6,-2562.7,-2603,-2714,-2849,-2913.4,-2849,-2714,-2603,-1692.7,-1709,-1753.4,-1805.9,-1830.5,-1805.9,-1753.4,-1709,-1148.5,-1154.3,-1170.1,-1188.7,-1197.3,-1188.7,-1170.1,-1154.3,-803.36,-804.73,-808.58,-813.32,-815.57,-813.32,-808.58,-804.73
-802.8,-804.23,-808.32,-813.42,-815.87,-813.42,-808.32,-804.23,-1146.6,-1152.8,-1169.6,-1189.6,-1198.9,-1189.6,-1169.6,-1152.8,-1687.8,-1705,-1752.2,-1808.8,-1835.5,-1808.8,-1752.2,-1705,-2551.1,-2593.4,-2711.4,-2856.7,-2926.9,-2856.7,-2711.4,-2593.4,-3904.3,-4001,-4276.5,-4629.1,-4804.2,-4629.1,-4276.5,-4001,-5858.3,-6058.9,-6645.5,-7424.8,-7821.5,-7424.8,-6645.5,-6058.9,-8154.1,-8507.8,-9564,-11003,-11743,-11003,-9564,-8507.8,-9848.6,-10334,-11797,-13809,-14839,-13809,-11797,-10334,-9848.6,-10334,-11797,-13809,-14839,-13809,-11797,-10334,-8154.1,-8507.8,-9564,-11003,-11743,-11003,-9564,-8507.8,-5858.3,-6058.9,-6645.5,-7424.8,-7821.5,-7424.8,-6645.5,-6058.9,-3904.3,-4001,-4276.5,-4629.1,-4804.2,-4629.1,-4276.5,-4001,-2551.1,-2593.4,-2711.4,-2856.7,-2926.9,-2856.7,-2711.4,-2593.4,-1687.8,-1705,-1752.2,-1808.8,-1835.5,-1808.8,-1752.2,-1705,-1146.6,-1152.8,-1169.6,-1189.6,-1198.9,-1189.6,-1169.6,-1152.8,-802.8,-804.23,-808.32,-813.42,-815.87,-813.42,-808.32,-804.23
-802.23,-803.72,-808.04,-813.51,-816.15,-813.51,-808.04,-803.72,-1144.7,-1151.2,-1169,-1190.4,-1200.5,-1190.4,-1169,-1151.2,-1683,-1701.1,-1751,-1811.6,-1840.4,-1811.6,-1751,-1701.1,-2539.6,-2583.9,-2708.5,-2864.4,-2940.4,-2864.4,-2708.5,-2583.9,-3878.5,-3979.3,-4270.1,-4648.5,-4838.7,-4648.5,-4270.1,-3979.3,-5805.4,-6014.1,-6632.3,-7469.4,-7901.6,-7469.4,-6632.3,-6014.1,-8062.2,-8429.5,-9541.5,-11089,-11896,-11089,-9541.5,-8429.5,-9724.2,-10227,-11768,-13933,-15057,-13933,-11768,-10227,-9724.2,-10227,-11768,-13933,-15057,-13933,-11768,-10227,-8062.2,-8429.5,-9541.5,-11089,-11896,-11089,-9541.5,-8429.5,-5805.4,-6014.1,-6632.3,-7469.4,-7901.6,-7469.4,-6632.3,-6014.1,-3878.5,-3979.3,-4270.1,-4648.5,-4838.7,-4648.5,-4270.1,-3979.3,-2539.6,-2583.9,-2708.5,-2864.4,-2940.4,-2864.4,-2708.5,-2583.9,-1683,-1701.1,-1751,-1811.6,-1840.4,-1811.6,-1751,-1701.1,-1144.7,-1151.2,-1169,-1190.4,-1200.5,-1190.4,-1169,-1151.2,-802.23,-803.72,-808.04,-813.51,-816.15,-813.51,-808.04,-803.72
-801.65,-803.19,-807.73,-813.57,-816.43,-813.57,-807.73,-803.19,-1142.8,-1149.6,-1168.4,-1191.3,-1202.1,-1191.3,-1168.4,-1149.6,-1678.1,-1697,-1749.6,-1814.3,-1845.4,-1814.3,-1749.6,-1697,-2528.1,-2574.3,-2705.6,-2872,-2954,-2872,-2705.6,-2574.3,-3852.8,-3957.7,-4263.4,-4667.7,-4873.6,-4667.7,-4263.4,-3957.7,-5753.1,-5969.5,-6618.2,-7513.8,-7982.9,-7513.8,-6618.2,-5969.5,-7971.7,-8351.7,-9517.6,-11175,-12052,-11175,-9517.6,-8351.7,-9602,-10122,-11737,-14058,-15279,-14058,-11737,-10122,-9602,-10122,-11737,-14058,-15279,-14058,-11737,-10122,-7971.7,-8351.7,-9517.6,-11175,-12052,-11175,-9517.6,-8351.7,-5753.1,-5969.5,-6618.2,-7513.8,-7982.9,-7513.8,-6618.2,-5969.5,-3852.8,-3957.7,-4263.4,-4667.7,-4873.6,-4667.7,-4263.4,-3957.7,-2528.1,-2574.3,-2705.6,-2872,-2954,-2872,-2705.6,-2574.3,-1678.1,-1697,-1749.6,-1814.3,-1845.4,-1814.3,-1749.6,-1697,-1142.8,-1149.6,-1168.4,-1191.3,-1202.1,-1191.3,-1168.4,-1149.6,-801.65,-803.19,-807.73,-813.57,-816.43,-813.57,-807.73,-803.19
-801.06,-802.66,-807.42,-813.63,-816.69,-813.63,-807.42,-802.66,-1141,-1148,-1167.8,-1192.1,-1203.7,-1192.1,-1167.8,-1148,-1673.3,-1693,-1748.3,-1817,-1850.4,-1817,-1748.3,-1693,-2516.7,-2564.7,-2702.4,-2879.5,-2967.7,-2879.5,-2702.4,-2564.7,-3827.4,-3936.1,-4256.2,-4686.8,-4908.8,-4686.8,-4256.2,-3936.1,-5701.5,-5925.1,-6603.4,-7558,-8065.2,-7558,-6603.4,-5925.1,-7882.7,-8274.2,-9492.3,-11261,-12210,-11261,-9492.3,-8274.2,-9481.9,-10017,-11705,-14183,-15505,-14183,-11705,-10017,-9481.9,-10017,-11705,-14183,-15505,-14183,-11705,-10017,-7882.7,-8274.2,-9492.3,-11261,-12210,-11261,-9492.3,-8274.2,-5701.5,-5925.1,-6603.4,-7558,-8065.2,-7558,-6603.4,-5925.1,-3827.4,-3936.1,-4256.2,-4686.8,-4908.8,-4686.8,-4256.2,-3936.1,-2516.7,-2564.7,-2702.4,-2879.5,-2967.7,-2879.5,-2702.4,-2564.7,-1673.3,-1693,-1748.3,-1817,-1850.4,-1817,-1748.3,-1693,-1141,-1148,-1167.8,-1192.1,-1203.7,-1192.1,-1167.8,-1148,-801.06,-802.66,-807.42,-813.63,-816.69,-813.63,-807.42,-802.66
-800.46,-802.11,-807.08,-813.66,-816.94,-813.66,-807.08,-802.11,-1139.1,-1146.4,-1167.1,-1192.8,-1205.2,-1192.8,-1167.1,-1146.4,-1668.5,-1688.9,-1746.8,-1819.7,-1855.3,-1819.7,-1746.8,-1688.9,-2505.3,-2555.1,-2699.1,-2886.8,-2981.4,-2886.8,-2699.1,-2555.1,-3802.2,-3914.5,-4248.7,-4705.7,-4944.4,-4705.7,-4248.7,-3914.5,-5650.5,-5880.8,-6587.7,-7601.9,-8148.7,-7601.9,-6587.7,-5880.8,-7795.1,-8197.3,-9465.6,-11347,-12371,-11347,-9465.6,-8197.3,-9363.9,-9912.8,-11670,-14309,-15735,-14309,-11670,-9912.8,-9363.9,-9912.8,-11670,-14309,-15735,-14309,-11670,-9912.8,-7795.1,-8197.3,-9465.6,-11347,-12371,-11347,-9465.6,-8197.3,-5650.5,-5880.8,-6587.7,-7601.9,-8148.7,-7601.9,-6587.7,-5880.8,-3802.2,-3914.5,-4248.7,-4705.7,-4944.4,-4705.7,-4248.7,-3914.5,-2505.3,-2555.1,-2699.1,-2886.8,-2981.4,-2886.8,-2699.1,-2555.1,-1668.5,-1688.9,-1746.8,-1819.7,-1855.3,-1819.7,-1746.8,-1688.9,-1139.1,-1146.4,-1167.1,-1192.8,-1205.2,-1192.8,-1167.1,-1146.4,-800.46,-802.11,-807.08,-813.66,-816.94,-813.66,-807.08,-802.11
-799.86,-801.55,-806.72,-813.69,-817.18,-813.69,-806.72,-801.55,-1137.2,-1144.8,-1166.4,-1193.6,-1206.8,-1193.6,-1166.4,-1144.8,-1663.7,-1684.8,-1745.2,-1822.2,-1860.3,-1822.2,-1745.2,-1684.8,-2494,-2545.5,-2695.6,-2894.1,-2995.2,-2894.1,-2695.6,-2545.5,-3777.2,-3892.9,-4240.8,-4724.4,-4980.3,-4724.4,-4240.8,-3892.9,-5600.2,-5836.6,-6571.2,-7645.7,-8233.4,-7645.7,-6571.2,-5836.6,-7708.8,-8120.8,-9437.4,-11433,-12535,-11433,-9437.4,-8120.8,-9248,-9809.5,-11633,-14435,-15969,-14435,-11633,-9809.5,-9248,-9809.5,-11633,-14435,-15969,-14435,-11633,-9809.5,-7708.8,-8120.8,-9437.4,-11433,-12535,-11433,-9437.4,-8120.8,-5600.2,-5836.6,-6571.2,-7645.7,-8233.4,-7645.7,-6571.2,-5836.6,-3777.2,-3892.9,-4240.8,-4724.4,-4980.3,-4724.4,-4240.8,-3892.9,-2494,-2545.5,-2695.6,-2894.1,-2995.2,-2894.1,-2695.6,-2545.5,-1663.7,-1684.8,-1745.2,-1822.2,-1860.3,-1822.2,-1745.2,-1684.8,-1137.2,-1144.8,-1166.4,-1193.6,-1206.8,-1193.6,-1166.4,-1144.8,-799.86,-801.55,-806.72,-813.69,-817.18,-813.69,-806.72,-801.55
-799.25,-800.98,-806.35,-813.69,-817.41,-813.69,-806.35,-800.98,-1135.3,-1143.1,-1165.6,-1194.3,-1208.3,-1194.3,-1165.6,-1143.1,-1658.8,-1680.7,-1743.6,-1824.8,-1865.2,-1824.8,-1743.6,-1680.7,-2482.7,-2535.8,-2691.9,-2901.3,-3009,-2901.3,-2691.9,-2535.8,-3752.5,-3871.4,-4232.5,-4742.9,-5016.5,-4742.9,-4232.5,-3871.4,-5550.5,-5792.7,-6553.9,-7689.2,-8319.2,-7689.2,-6553.9,-5792.7,-7623.9,-8044.7,-9407.8,-11519,-12702,-11519,-9407.8,-8044.7,-9134,-9706.9,-11595,-14562,-16208,-14562,-11595,-9706.9,-9134,-9706.9,-11595,-14562,-16208,-14562,-11595,-9706.9,-7623.9,-8044.7,-9407.8,-11519,-12702,-11519,-9407.8,-8044.7,-5550.5,-5792.7,-6553.9,-7689.2,-8319.2,-7689.2,-6553.9,-5792.7,-3752.5,-3871.4,-4232.5,-4742.9,-5016.5,-4742.9,-4232.5,-3871.4,-2482.7,-2535.8,-2691.9,-2901.3,-3009,-2901.3,-2691.9,-2535.8,-1658.8,-1680.7,-1743.6,-1824.8,-1865.2,-1824.8,-1743.6,-1680.7,-1135.3,-1143.1,-1165.6,-1194.3,-1208.3,-1194.3,-1165.6,-1143.1,-799.25,-800.98,-806.35,-813.69,-817.41,-813.69,-806.35,-800.98
-798.63,-800.4,-805.96,-813.68,-817.63,-813.68,-805.96,-800.4,-1133.4,-1141.4,-1164.8,-1194.9,-1209.8,-1194.9,-1164.8,-1141.4,-1654,-1676.5,-1741.9,-1827.3,-1870.2,-1827.3,-1741.9,-1676.5,-2471.6,-2526.1,-2688,-2908.4,-3023,-2908.4,-2688,-2526.1,-3727.9,-3849.8,-4223.8,-4761.2,-5053,-4761.2,-4223.8,-3849.8,-5501.4,-5748.9,-6535.7,-7732.4,-8406.2,-7732.4,-6535.7,-5748.9,-7540.3,-7969.2,-9376.7,-11605,-12872,-11605,-9376.7,-7969.2,-9022,-9605.1,-11554,-14689,-16451,-14689,-11554,-9605.1,-9022,-9605.1,-11554,-14689,-16451,-14689,-11554,-9605.1,-7540.3,-7969.2,-9376.7,-11605,-12872,-11605,-9376.7,-7969.2,-5501.4,-5748.9,-6535.7,-7732.4,-8406.2,-7732.4,-6535.7,-5748.9,-3727.9,-3849.8,-4223.8,-4761.2,-5053,-4761.2,-4223.8,-3849.8,-2471.6,-2526.1,-2688,-2908.4,-3023,-2908.4,-2688,-2526.1,-1654,-1676.5,-1741.9,-1827.3,-1870.2,-1827.3,-1741.9,-1676.5,-1133.4,-1141.4,-1164.8,-1194.9,-1209.8,-1194.9,-1164.8,-1141.4,-798.63,-800.4,-805.96,-813.68,-817.63,-813.68,-805.96,-800.4
-798,-799.8,-805.55,-813.66,-817.83,-813.66,-805.55,-799.8,-1131.4,-1139.7,-1164,-1195.6,-1211.3,-1195.6,-1164,-1139.7,-1649.2,-1672.4,-1740.1,-1829.7,-1875.1,-1829.7,-1740.1,-1672.4,-2460.4,-2516.4,-2684,-2915.3,-3036.9,-2915.3,-2684,-2516.4,-3703.6,-3828.3,-4214.7,-4779.3,-5090,-4779.3,-4214.7,-3828.3,-5453,-5705.2,-6516.8,-7775.4,-8494.4,-7775.4,-6516.8,-5705.2,-7458,-7894.1,-9344.3,-11691,-13044,-11691,-9344.3,-7894.1,-8912,-9504,-11512,-14817,-16698,-14817,-11512,-9504,-8912,-9504,-11512,-14817,-16698,-14817,-11512,-9504,-7458,-7894.1,-9344.3,-11691,-13044,-11691,-9344.3,-7894.1,-5453,-5705.2,-6516.8,-7775.4,-8494.4,-7775.4,-6516.8,-5705.2,-3703.6,-3828.3,-4214.7,-4779.3,-5090,-4779.3,-4214.7,-3828.3,-2460.4,-2516.4,-2684,-2915.3,-3036.9,-2915.3,-2684,-2516.4,-1649.2,-1672.4,-1740.1,-1829.7,-1875.1,-1829.7,-1740.1,-1672.4,-1131.4,-1139.7,-1164,-1195.6,-1211.3,-1195.6,-1164,-1139.7,-798,-799.8,-805.55,-813.66,-817.83,-813.66,-805.55,-799.8
-797.37,-799.2,-805.12,-813.61,-818.03,-813.61,-805.12,-799.2,-1129.5,-1138,-1163.1,-1196.2,-1212.8,-1196.2,-1163.1,-1138,-1644.5,-1668.2,-1738.2,-1832,-1880.1,-1832,-1738.2,-1668.2,-2449.4,-2506.7,-2679.8,-2922.1,-3051,-2922.1,-2679.8,-2506.7,-3679.6,-3806.8,-4205.2,-4797.2,-5127.2,-4797.2,-4205.2,-3806.8,-5405.2,-5661.8,-6497.1,-7818,-8583.9,-7818,-6497.1,-5661.8,-7377,-7819.5,-9310.4,-11777,-13219,-11777,-9310.4,-7819.5,-8803.8,-9403.7,-11468,-14946,-16950,-14946,-11468,-9403.7,-8803.8,-9403.7,-11468,-14946,-16950,-14946,-11468,-9403.7,-7377,-7819.5,-9310.4,-11777,-13219,-11777,-9310.4,-7819.5,-5405.2,-5661.8,-6497.1,-7818,-8583.9,-7818,-6497.1,-5661.8,-3679.6,-3806.8,-4205.2,-4797.2,-5127.2,-4797.2,-4205.2,-3806.8,-2449.4,-2506.7,-2679.8,-2922.1,-3051,-2922.1,-2679.8,-2506.7,-1644.5,-1668.2,-1738.2,-1832,-1880.1,-1832,-1738.2,-1668.2,-1129.5,-1138,-1163.1,-1196.2,-1212.8,-1196.2,-1163.1,-1138,-797.37,-799.2,-805.12,-813.61,-818.03,-813.61,-805.12,-799.2
-796.73,-798.58,-804.68,-813.55,-818.21,-813.55,-804.68,-798.58,-1127.6,-1136.3,-1162.2,-1196.8,-1214.3,-1196.8,-1162.2,-1136.3,-1639.7,-1664,-1736.3,-1834.3,-1885,-1834.3,-1736.3,-1664,-2438.4,-2496.9,-2675.5,-2928.9,-3065.1,-2928.9,-2675.5,-2496.9,-3655.7,-3785.4,-4195.3,-4814.9,-5164.8,-4814.9,-4195.3,-3785.4,-5358,-5618.6,-6476.5,-7860.4,-8674.6,-7860.4,-6476.5,-5618.6,-7297.3,-7745.4,-9275.1,-11863,-13398,-11863,-9275.1,-7745.4,-8697.5,-9304.2,-11421,-15075,-17206,-15075,-11421,-9304.2,-8697.5,-9304.2,-11421,-15075,-17206,-15075,-11421,-9304.2,-7297.3,-7745.4,-9275.1,-11863,-13398,-11863,-9275.1,-7745.4,-5358,-5618.6,-6476.5,-7860.4,-8674.6,-7860.4,-6476.5,-5618.6,-3655.7,-3785.4,-4195.3,-4814.9,-5164.8,-4814.9,-4195.3,-3785.4,-2438.4,-2496.9,-2675.5,-2928.9,-3065.1,-2928.9,-2675.5,-2496.9,-1639.7,-1664,-1736.3,-1834.3,-1885,-1834.3,-1736.3,-1664,-1127.6,-1136.3,-1162.2,-1196.8,-1214.3,-1196.8,-1162.2,-1136.3,-796.73,-798.58,-804.68,-813.55,-818.21,-813.55,-804.68,-798.58
-796.08,-797.95,-804.22,-813.48,-818.38,-813.48,-804.22,-797.95,-1125.7,-1134.6,-1161.3,-1197.3,-1215.8,-1197.3,-1161.3,-1134.6,-1634.9,-1659.7,-1734.3,-1836.6,-1889.9,-1836.6,-1734.3,-1659.7,-2427.4,-2487.2,-2670.9,-2935.5,-3079.3,-2935.5,-2670.9,-2487.2,-3632.1,-3764,-4185.1,-4832.3,-5202.8,-4832.3,-4185.1,-3764,-5311.3,-5575.5,-6455.2,-7902.4,-8766.5,-7902.4,-6455.2,-5575.5,-7218.7,-7671.8,-9238.4,-11949,-13579,-11949,-9238.4,-7671.8,-8592.9,-9205.5,-11373,-15205,-17467,-15205,-11373,-9205.5,-8592.9,-9205.5,-11373,-15205,-17467,-15205,-11373,-9205.5,-7218.7,-7671.8,-9238.4,-11949,-13579,-11949,-9238.4,-7671.8,-5311.3,-5575.5,-6455.2,-7902.4,-8766.5,-7902.4,-6455.2,-5575.5,-3632.1,-3764,-4185.1,-4832.3,-5202.8,-4832.3,-4185.1,-3764,-2427.4,-2487.2,-2670.9,-2935.5,-3079.3,-2935.5,-2670.9,-2487.2,-1634.9,-1659.7,-1734.3,-1836.6,-1889.9,-1836.6,-1734.3,-1659.7,-1125.7,-1134.6,-1161.3,-1197.3,-1215.8,-1197.3,-1161.3,-1134.6,-796.08,-797.95,-804.22,-813.48,-818.38,-813.48,-804.22,-797.95
-795.43,-797.32,-803.74,-813.39,-818.54,-813.39,-803.74,-797.32,-1123.7,-1132.8,-1160.3,-1197.9,-1217.2,-1197.9,-1160.3,-1132.8,-1630.1,-1655.5,-1732.2,-1838.8,-1894.9,-1838.8,-1732.2,-1655.5,-2416.5,-2477.4,-2666.2,-2942,-3093.5,-2942,-2666.2,-2477.4,-3608.6,-3742.6,-4174.5,-4849.6,-5241.1,-4849.6,-4174.5,-3742.6,-5265.3,-5532.7,-6433.1,-7944.1,-8859.8,-7944.1,-6433.1,-5532.7,-7141.4,-7598.7,-9200.3,-12034,-13763,-12034,-9200.3,-7598.7,-8490.2,-9107.6,-11323,-15335,-17733,-15335,-11323,-9107.6,-8490.2,-9107.6,-11323,-15335,-17733,-15335,-11323,-9107.6,-7141.4,-7598.7,-9200.3,-12034,-13763,-12034,-9200.3,-7598.7,-5265.3,-5532.7,-6433.1,-7944.1,-8859.8,-7944.1,-6433.1,-5532.7,-3608.6,-3742.6,-4174.5,-4849.6,-5241.1,-4849.6,-4174.5,-3742.6,-2416.5,-2477.4,-2666.2,-2942,-3093.5,-2942,-2666.2,-2477.4,-1630.1,-1655.5,-1732.2,-1838.8,-1894.9,-1838.8,-1732.2,-1655.5,-1123.7,-1132.8,-1160.3,-1197.9,-1217.2,-1197.9,-1160.3,-1132.8,-795.43,-797.32,-803.74,-813.39,-818.54,-813.39,-803.74,-797.32
-794.77,-796.67,-803.24,-813.28,-818.69,-813.28,-803.24,-796.67,-1121.8,-1131.1,-1159.3,-1198.4,-1218.7,-1198.4,-1159.3,-1131.1,-1625.4,-1651.2,-1730,-1840.9,-1899.8,-1840.9,-1730,-1651.2,-2405.7,-2467.6,-2661.4,-2948.3,-3107.8,-2948.3,-2661.4,-2467.6,-3585.4,-3721.2,-4163.5,-4866.5,-5279.8,-4866.5,-4163.5,-3721.2,-5219.8,-5490.1,-6410.2,-7985.4,-8954.3,-7985.4,-6410.2,-5490.1,-7065.3,-7526.2,-9160.8,-12120,-13951,-12120,-9160.8,-7526.2,-8389.2,-9010.5,-11271,-15466,-18003,-15466,-11271,-9010.5,-8389.2,-9010.5,-11271,-15466,-18003,-15466,-11271,-9010.5,-7065.3,-7526.2,-9160.8,-12120,-13951,-12120,-9160.8,-7526.2,-5219.8,-5490.1,-6410.2,-7985.4,-8954.3,-7985.4,-6410.2,-5490.1,-3585.4,-3721.2,-4163.5,-4866.5,-5279.8,-4866.5,-4163.5,-3721.2,-2405.7,-2467.6,-2661.4,-2948.3,-3107.8,-2948.3,-2661.4,-2467.6,-1625.4,-1651.2,-1730,-1840.9,-1899.8,-1840.9,-1730,-1651.2,-1121.8,-1131.1,-1159.3,-1198.4,-1218.7,-1198.4,-1159.3,-1131.1,-794.77,-796.67,-803.24,-813.28,-818.69,-813.28,-803.24,-796.67
-794.1,-796.01,-802.73,-813.16,-818.83,-813.16,-802.73,-796.01,-1119.8,-1129.3,-1158.3,-1198.8,-1220.1,-1198.8,-1158.3,-1129.3,-1620.6,-1646.9,-1727.8,-1843,-1904.7,-1843,-1727.8,-1646.9,-2394.9,-2457.8,-2656.3,-2954.6,-3122.2,-2954.6,-2656.3,-2457.8,-3562.4,-3699.9,-4152.2,-4883.3,-5318.9,-4883.3,-4152.2,-3699.9,-5174.9,-5447.7,-6386.6,-8026.4,-9050.2,-8026.4,-6386.6,-5447.7,-6990.3,-7454.2,-9119.9,-12206,-14142,-12206,-9119.9,-7454.2,-8289.8,-8914.3,-11217,-15598,-18278,-15598,-11217,-8914.3,-8289.8,-8914.3,-11217,-15598,-18278,-15598,-11217,-8914.3,-6990.3,-7454.2,-9119.9,-12206,-14142,-12206,-9119.9,-7454.2,-5174.9,-5447.7,-6386.6,-8026.4,-9050.2,-8026.4,-6386.6,-5447.7,-3562.4,-3699.9,-4152.2,-4883.3,-5318.9,-4883.3,-4152.2,-3699.9,-2394.9,-2457.8,-2656.3,-2954.6,-3122.2,-2954.6,-2656.3,-2457.8,-1620.6,-1646.9,-1727.8,-1843,-1904.7,-1843,-1727.8,-1646.9,-1119.8,-1129.3,-1158.3,-1198.8,-1220.1,-1198.8,-1158.3,-1129.3,-794.1,-796.01,-802.73,-813.16,-818.83,-813.16,-802.73,-796.01
-793.42,-795.34,-802.19,-813.02,-818.95,-813.02,-802.19,-795.34,-1117.9,-1127.5,-1157.2,-1199.3,-1221.5,-1199.3,-1157.2,-1127.5,-1615.9,-1642.6,-1725.5,-1845,-1909.7,-1845,-1725.5,-1642.6,-2384.2,-2448,-2651.2,-2960.7,-3136.7,-2960.7,-2651.2,-2448,-3539.6,-3678.7,-4140.5,-4899.7,-5358.3,-4899.7,-4140.5,-3678.7,-5130.5,-5405.5,-6362.2,-8066.9,-9147.4,-8066.9,-6362.2,-5405.5,-6916.4,-7382.7,-9077.7,-12291,-14336,-12291,-9077.7,-7382.7,-8192.2,-8818.8,-11161,-15730,-18558,-15730,-11161,-8818.8,-8192.2,-8818.8,-11161,-15730,-18558,-15730,-11161,-8818.8,-6916.4,-7382.7,-9077.7,-12291,-14336,-12291,-9077.7,-7382.7,-5130.5,-5405.5,-6362.2,-8066.9,-9147.4,-8066.9,-6362.2,-5405.5,-3539.6,-3678.7,-4140.5,-4899.7,-5358.3,-4899.7,-4140.5,-3678.7,-2384.2,-2448,-2651.2,-2960.7,-3136.7,-2960.7,-2651.2,-2448,-1615.9,-1642.6,-1725.5,-1845,-1909.7,-1845,-1725.5,-1642.6,-1117.9,-1127.5,-1157.2,-1199.3,-1221.5,-1199.3,-1157.2,-1127.5,-793.42,-795.34,-802.19,-813.02,-818.95,-813.02,-802.19,-795.34
-792.74,-794.66,-801.64,-812.86,-819.06,-812.86,-801.64,-794.66,-1115.9,-1125.7,-1156.1,-1199.7,-1222.9,-1199.7,-1156.1,-1125.7,-1611.2,-1638.3,-1723.1,-1846.9,-1914.6,-1846.9,-1723.1,-1638.3,-2373.6,-2438.2,-2645.8,-2966.7,-3151.2,-2966.7,-2645.8,-2438.2,-3517,-3657.5,-4128.5,-4916,-5398.1,-4916,-4128.5,-3657.5,-5086.7,-5363.5,-6337,-8107,-9245.9,-8107,-6337,-5363.5,-6843.7,-7311.7,-9034,-12376,-14533,-12376,-9034,-7311.7,-8096.2,-8724.2,-11103,-15864,-18844,-15864,-11103,-8724.2,-8096.2,-8724.2,-11103,-15864,-18844,-15864,-11103,-8724.2,-6843.7,-7311.7,-9034,-12376,-14533,-12376,-9034,-7311.7,-5086.7,-5363.5,-6337,-8107,-9245.9,-8107,-6337,-5363.5,-3517,-3657.5,-4128.5,-4916,-5398.1,-4916,-4128.5,-3657.5,-2373.6,-2438.2,-2645.8,-2966.7,-3151.2,-2966.7,-2645.8,-2438.2,-1611.2,-1638.3,-1723.1,-1846.9,-1914.6,-1846.9,-1723.1,-1638.3,-1115.9,-1125.7,-1156.1,-1199.7,-1222.9,-1199.7,-1156.1,-1125.7,-792.74,-794.66,-801.64,-812.86,-819.06,-812.86,-801.64,-794.66
-792.05,-793.96,-801.08,-812.68,-819.16,-812.68,-801.08,-793.96,-1114,-1123.8,-1154.9,-1200,-1224.3,-1200,-1154.9,-1123.8,-1606.4,-1633.9,-1720.6,-1848.8,-1919.5,-1848.8,-1720.6,-1633.9,-2363,-2428.4,-2640.3,-2972.5,-3165.7,-2972.5,-2640.3,-2428.4,-3494.6,-3636.3,-4116.1,-4931.9,-5438.3,-4931.9,-4116.1,-3636.3,-5043.4,-5321.7,-6311.1,-8146.7,-9345.9,-8146.7,-6311.1,-5321.7,-6772.1,-7241.3,-8989,-12461,-14733,-12461,-8989,-7241.3,-8001.8,-8630.4,-11043,-15997,-19134,-15997,-11043,-8630.4,-8001.8,-8630.4,-11043,-15997,-19134,-15997,-11043,-8630.4,-6772.1,-7241.3,-8989,-12461,-14733,-12461,-8989,-7241.3,-5043.4,-5321.7,-6311.1,-8146.7,-9345.9,-8146.7,-6311.1,-5321.7,-3494.6,-3636.3,-4116.1,-4931.9,-5438.3,-4931.9,-4116.1,-3636.3,-2363,-2428.4,-2640.3,-2972.5,-3165.7,-2972.5,-2640.3,-2428.4,-1606.4,-1633.9,-1720.6,-1848.8,-1919.5,-1848.8,-1720.6,-1633.9,-1114,-1123.8,-1154.9,-1200,-1224.3,-1200,-1154.9,-1123.8,-792.05,-793.96,-801.08,-812.68,-819.16,-812.68,-801.08,-793.96
-791.36,-793.26,-800.49,-812.49,-819.25,-812.49,-800.49,-793.26,-1112,-1122,-1153.8,-1200.4,-1225.6,-1200.4,-1153.8,-1122,-1601.7,-1629.6,-1718.1,-1850.6,-1924.4,-1850.6,-1718.1,-1629.6,-2352.4,-2418.5,-2634.6,-2978.3,-3180.4,-2978.3,-2634.6,-2418.5,-3472.4,-3615.2,-4103.3,-4947.5,-5478.9,-4947.5,-4103.3,-3615.2,-5000.7,-5280.2,-6284.5,-8186,-9447.2,-8186,-6284.5,-5280.2,-6701.6,-7171.4,-8942.6,-12546,-14937,-12546,-8942.6,-7171.4,-7908.9,-8537.5,-10982,-16132,-19429,-16132,-10982,-8537.5,-7908.9,-8537.5,-10982,-16132,-19429,-16132,-10982,-8537.5,-6701.6,-7171.4,-8942.6,-12546,-14937,-12546,-8942.6,-7171.4,-5000.7,-5280.2,-6284.5,-8186,-9447.2,-8186,-6284.5,-5280.2,-3472.4,-3615.2,-4103.3,-4947.5,-5478.9,-4947.5,-4103.3,-3615.2,-2352.4,-2418.5,-2634.6,-2978.3,-3180.4,-2978.3,-2634.6,-2418.5,-1601.7,-1629.6,-1718.1,-1850.6,-1924.4,-1850.6,-1718.1,-1629.6,-1112,-1122,-1153.8,-1200.4,-1225.6,-1200.4,-1153.8,-1122,-791.36,-793.26,-800.49,-812.49,-819.25,-812.49,-800.49,-793.26
-790.66,-792.55,-799.89,-812.28,-819.33,-812.28,-799.89,-792.55,-1110.1,-1120.1,-1152.5,-1200.7,-1227,-1200.7,-1152.5,-1120.1,-1597,-1625.2,-1715.5,-1852.4,-1929.3,-1852.4,-1715.5,-1625.2,-2342,-2408.7,-2628.8,-2983.8,-3195,-2983.8,-2628.8,-2408.7,-3450.4,-3594.2,-4090.2,-4962.9,-5519.8,-4962.9,-4090.2,-3594.2,-4958.5,-5238.9,-6257.1,-8224.7,-9549.9,-8224.7,-6257.1,-5238.9,-6632.1,-7102.1,-8894.9,-12631,-15144,-12631,-8894.9,-7102.1,-7817.6,-8445.4,-10918,-16267,-19729,-16267,-10918,-8445.4,-7817.6,-8445.4,-10918,-16267,-19729,-16267,-10918,-8445.4,-6632.1,-7102.1,-8894.9,-12631,-15144,-12631,-8894.9,-7102.1,-4958.5,-5238.9,-6257.1,-8224.7,-9549.9,-8224.7,-6257.1,-5238.9,-3450.4,-3594.2,-4090.2,-4962.9,-5519.8,-4962.9,-4090.2,-3594.2,-2342,-2408.7,-2628.8,-2983.8,-3195,-2983.8,-2628.8,-2408.7,-1597,-1625.2,-1715.5,-1852.4,-1929.3,-1852.4,-1715.5,-1625.2,-1110.1,-1120.1,-1152.5,-1200.7,-1227,-1200.7,-1152.5,-1120.1,-790.66,-792.55,-799.89,-812.28,-819.33,-812.28,-799.89,-792.55
-789.95,-791.83,-799.27,-812.06,-819.39,-812.06,-799.27,-791.83,-1108.1,-1118.2,-1151.3,-1201,-1228.3,-1201,-1151.3,-1118.2,-1592.3,-1620.8,-1712.8,-1854.1,-1934.2,-1854.1,-1712.8,-1620.8,-2331.5,-2398.9,-2622.8,-2989.3,-3209.8,-2989.3,-2622.8,-2398.9,-3428.5,-3573.2,-4076.7,-4978,-5561.1,-4978,-4076.7,-3573.2,-4916.8,-5197.9,-6229,-8263,-9654.1,-8263,-6229,-5197.9,-6563.6,-7033.4,-8845.9,-12715,-15355,-12715,-8845.9,-7033.4,-7727.8,-8354.1,-10852,-16403,-20035,-16403,-10852,-8354.1,-7727.8,-8354.1,-10852,-16403,-20035,-16403,-10852,-8354.1,-6563.6,-7033.4,-8845.9,-12715,-15355,-12715,-8845.9,-7033.4,-4916.8,-5197.9,-6229,-8263,-9654.1,-8263,-6229,-5197.9,-3428.5,-3573.2,-4076.7,-4978,-5561.1,-4978,-4076.7,-3573.2,-2331.5,-2398.9,-2622.8,-2989.3,-3209.8,-2989.3,-2622.8,-2398.9,-1592.3,-1620.8,-1712.8,-1854.1,-1934.2,-1854.1,-1712.8,-1620.8,-1108.1,-1118.2,-1151.3,-1201,-1228.3,-1201,-1151.3,-1118.2,-789.95,-791.83,-799.27,-812.06,-819.39,-812.06,-799.27,-791.83
-789.23,-791.1,-798.64,-811.82,-819.44,-811.82,-798.64,-791.1,-1106.1,-1116.4,-1150,-1201.2,-1229.6,-1201.2,-1150,-1116.4,-1587.6,-1616.4,-1710.1,-1855.7,-1939.1,-1855.7,-1710.1,-1616.4,-2321.2,-2389,-2616.7,-2994.6,-3224.6,-2994.6,-2616.7,-2389,-3406.9,-3552.3,-4063,-4992.7,-5602.9,-4992.7,-4063,-3552.3,-4875.6,-5157,-6200.2,-8300.8,-9759.7,-8300.8,-6200.2,-5157,-6496.2,-6965.2,-8795.5,-12799,-15569,-12799,-8795.5,-6965.2,-7639.5,-8263.7,-10785,-16540,-20346,-16540,-10785,-8263.7,-7639.5,-8263.7,-10785,-16540,-20346,-16540,-10785,-8263.7,-6496.2,-6965.2,-8795.5,-12799,-15569,-12799,-8795.5,-6965.2,-4875.6,-5157,-6200.2,-8300.8,-9759.7,-8300.8,-6200.2,-5157,-3406.9,-3552.3,-4063,-4992.7,-5602.9,-4992.7,-4063,-3552.3,-2321.2,-2389,-2616.7,-2994.6,-3224.6,-2994.6,-2616.7,-2389,-1587.6,-1616.4,-1710.1,-1855.7,-1939.1,-1855.7,-1710.1,-1616.4,-1106.1,-1116.4,-1150,-1201.2,-1229.6,-1201.2,-1150,-1116.4,-789.23,-791.1,-798.64,-811.82,-819.44,-811.82,-798.64,-791.1
-788.51,-790.35,-797.98,-811.56,-819.47,-811.56,-797.98,-790.35,-1104.1,-1114.5,-1148.7,-1201.4,-1230.9,-1201.4,-1148.7,-1114.5,-1583,-1612,-1707.3,-1857.2,-1943.9,-1857.2,-1707.3,-1612,-2310.9,-2379.2,-2610.4,-2999.7,-3239.5,-2999.7,-2610.4,-2379.2,-3385.5,-3531.4,-4048.8,-5007.2,-5645,-5007.2,-4048.8,-3531.4,-4834.9,-5116.5,-6170.7,-8338,-9866.8,-8338,-6170.7,-5116.5,-6429.8,-6897.5,-8743.9,-12883,-15787,-12883,-8743.9,-6897.5,-7552.7,-8174.1,-10716,-16678,-20663,-16678,-10716,-8174.1,-7552.7,-8174.1,-10716,-16678,-20663,-16678,-10716,-8174.1,-6429.8,-6897.5,-8743.9,-12883,-15787,-12883,-8743.9,-6897.5,-4834.9,-5116.5,-6170.7,-8338,-9866.8,-8338,-6170.7,-5116.5,-3385.5,-3531.4,-4048.8,-5007.2,-5645,-5007.2,-4048.8,-3531.4,-2310.9,-2379.2,-2610.4,-2999.7,-3239.5,-2999.7,-2610.4,-2379.2,-1583,-1612,-1707.3,-1857.2,-1943.9,-1857.2,-1707.3,-1612,-1104.1,-1114.5,-1148.7,-1201.4,-1230.9,-1201.4,-1148.7,-1114.5,-788.51,-790.35,-797.98,-811.56,-819.47,-811.56,-797.98,-790.35
-787.78,-789.6,-797.31,-811.28,-819.5,-811.28,-797.31,-789.6,-1102.1,-1112.5,-1147.3,-1201.6,-1232.2,-1201.6,-1147.3,-1112.5,-1578.3,-1607.5,-1704.4,-1858.7,-1948.8,-1858.7,-1704.4,-1607.5,-2300.6,-2369.4,-2603.9,-3004.7,-3254.5,-3004.7,-2603.9,-2369.4,-3364.3,-3510.7,-4034.4,-5021.3,-5687.5,-5021.3,-4034.4,-3510.7,-4794.7,-5076.1,-6140.5,-8374.7,-9975.4,-8374.7,-6140.5,-5076.1,-6364.3,-6830.4,-8690.9,-12967,-16008,-12967,-8690.9,-6830.4,-7467.2,-8085.4,-10644,-16816,-20984,-16816,-10644,-8085.4,-7467.2,-8085.4,-10644,-16816,-20984,-16816,-10644,-8085.4,-6364.3,-6830.4,-8690.9,-12967,-16008,-12967,-8690.9,-6830.4,-4794.7,-5076.1,-6140.5,-8374.7,-9975.4,-8374.7,-6140.5,-5076.1,-3364.3,-3510.7,-4034.4,-5021.3,-5687.5,-5021.3,-4034.4,-3510.7,-2300.6,-2369.4,-2603.9,-3004.7,-3254.5,-3004.7,-2603.9,-2369.4,-1578.3,-1607.5,-1704.4,-1858.7,-1948.8,-1858.7,-1704.4,-1607.5,-1102.1,-1112.5,-1147.3,-1201.6,-1232.2,-1201.6,-1147.3,-1112.5,-787.78,-789.6,-797.31,-811.28,-819.5,-811.28,-797.31,-789.6
-787.05,-788.84,-796.63,-810.99,-819.51,-810.99,-796.63,-788.84,-1100.2,-1110.6,-1146,-1201.8,-1233.5,-1201.8,-1146,-1110.6,-1573.6,-1603.1,-1701.4,-1860.1,-1953.7,-1860.1,-1701.4,-1603.1,-2290.4,-2359.5,-2597.3,-3009.6,-3269.5,-3009.6,-2597.3,-2359.5,-3343.2,-3489.9,-4019.6,-5035.1,-5730.4,-5035.1,-4019.6,-3489.9,-4755,-5036.1,-6109.6,-8410.8,-10085,-8410.8,-6109.6,-5036.1,-6299.9,-6763.9,-8636.6,-13050,-16233,-13050,-8636.6,-6763.9,-7383.2,-7997.6,-10571,-16956,-21312,-16956,-10571,-7997.6,-7383.2,-7997.6,-10571,-16956,-21312,-16956,-10571,-7997.6,-6299.9,-6763.9,-8636.6,-13050,-16233,-13050,-8636.6,-6763.9,-4755,-5036.1,-6109.6,-8410.8,-10085,-8410.8,-6109.6,-5036.1,-3343.2,-3489.9,-4019.6,-5035.1,-5730.4,-5035.1,-4019.6,-3489.9,-2290.4,-2359.5,-2597.3,-3009.6,-3269.5,-3009.6,-2597.3,-2359.5,-1573.6,-1603.1,-1701.4,-1860.1,-1953.7,-1860.1,-1701.4,-1603.1,-1100.2,-1110.6,-1146,-1201.8,-1233.5,-1201.8,-1146,-1110.6,-787.05,-788.84,-796.63,-810.99,-819.51,-810.99,-796.63,-788.84
-786.31,-788.07,-795.92,-810.67,-819.51,-810.67,-795.92,-788.07,-1098.2,-1108.7,-1144.5,-1201.9,-1234.7,-1201.9,-1144.5,-1108.7,-1569,-1598.6,-1698.4,-1861.5,-1958.5,-1861.5,-1698.4,-1598.6,-2280.3,-2349.7,-2590.6,-3014.3,-3284.5,-3014.3,-2590.6,-2349.7,-3322.3,-3469.3,-4004.5,-5048.5,-5773.7,-5048.5,-4004.5,-3469.3,-4715.7,-4996.3,-6078,-8446.3,-10197,-8446.3,-6078,-4996.3,-6236.3,-6698,-8581.1,-13133,-16461,-13133,-8581.1,-6698,-7300.5,-7910.6,-10496,-17096,-21645,-17096,-10496,-7910.6,-7300.5,-7910.6,-10496,-17096,-21645,-17096,-10496,-7910.6,-6236.3,-6698,-8581.1,-13133,-16461,-13133,-8581.1,-6698,-4715.7,-4996.3,-6078,-8446.3,-10197,-8446.3,-6078,-4996.3,-3322.3,-3469.3,-4004.5,-5048.5,-5773.7,-5048.5,-4004.5,-3469.3,-2280.3,-2349.7,-2590.6,-3014.3,-3284.5,-3014.3,-2590.6,-2349.7,-1569,-1598.6,-1698.4,-1861.5,-1958.5,-1861.5,-1698.4,-1598.6,-1098.2,-1108.7,-1144.5,-1201.9,-1234.7,-1201.9,-1144.5,-1108.7,-786.31,-788.07,-795.92,-810.67,-819.51,-810.67,-795.92,-788.07
-785.57,-787.29,-795.2,-810.35,-819.49,-810.35,-795.2,-787.29,-1096.2,-1106.7,-1143.1,-1201.9,-1236,-1201.9,-1143.1,-1106.7,-1564.4,-1594.1,-1695.3,-1862.8,-1963.4,-1862.8,-1695.3,-1594.1,-2270.2,-2339.9,-2583.7,-3018.8,-3299.7,-3018.8,-2583.7,-2339.9,-3301.7,-3448.7,-3989.1,-5061.6,-5817.4,-5061.6,-3989.1,-3448.7,-4677,-4956.7,-6045.8,-8481.2,-10310,-8481.2,-6045.8,-4956.7,-6173.7,-6632.7,-8524.3,-13216,-16694,-13216,-8524.3,-6632.7,-7219.1,-7824.5,-10419,-17238,-21983,-17238,-10419,-7824.5,-7219.1,-7824.5,-10419,-17238,-21983,-17238,-10419,-7824.5,-6173.7,-6632.7,-8524.3,-13216,-16694,-13216,-8524.3,-6632.7,-4677,-4956.7,-6045.8,-8481.2,-10310,-8481.2,-6045.8,-4956.7,-3301.7,-3448.7,-3989.1,-5061.6,-5817.4,-5061.6,-3989.1,-3448.7,-2270.2,-2339.9,-2583.7,-3018.8,-3299.7,-3018.8,-2583.7,-2339.9,-1564.4,-1594.1,-1695.3,-1862.8,-1963.4,-1862.8,-1695.3,-1594.1,-1096.2,-1106.7,-1143.1,-1201.9,-1236,-1201.9,-1143.1,-1106.7,-785.57,-787.29,-795.2,-810.35,-819.49,-810.35,-795.2,-787.29
-784.81,-786.5,-794.47,-810,-819.46,-810,-794.47,-786.5,-1094.2,-1104.8,-1141.6,-1202,-1237.2,-1202,-1141.6,-1104.8,-1559.7,-1589.6,-1692.2,-1864,-1968.2,-1864,-1692.2,-1589.6,-2260.2,-2330,-2576.7,-3023.2,-3314.9,-3023.2,-2576.7,-2330,-3281.2,-3428.2,-3973.4,-5074.4,-5861.5,-5074.4,-3973.4,-3428.2,-4638.7,-4917.4,-6012.9,-8515.5,-10425,-8515.5,-6012.9,-4917.4,-6112.1,-6567.9,-8466.3,-13298,-16930,-13298,-8466.3,-6567.9,-7139.1,-7739.3,-10340,-17380,-22328,-17380,-10340,-7739.3,-7139.1,-7739.3,-10340,-17380,-22328,-17380,-10340,-7739.3,-6112.1,-6567.9,-8466.3,-13298,-16930,-13298,-8466.3,-6567.9,-4638.7,-4917.4,-6012.9,-8515.5,-10425,-8515.5,-6012.9,-4917.4,-3281.2,-3428.2,-3973.4,-5074.4,-5861.5,-5074.4,-3973.4,-3428.2,-2260.2,-2330,-2576.7,-3023.2,-3314.9,-3023.2,-2576.7,-2330,-1559.7,-1589.6,-1692.2,-1864,-1968.2,-1864,-1692.2,-1589.6,-1094.2,-1104.8,-1141.6,-1202,-1237.2,-1202,-1141.6,-1104.8,-784.81,-786.5,-794.47,-810,-819.46,-810,-794.47,-786.5
-784.06,-785.7,-793.71,-809.63,-819.42,-809.63,-793.71,-785.7,-1092.2,-1102.8,-1140.1,-1202,-1238.4,-1202,-1140.1,-1102.8,-1555.1,-1585.1,-1688.9,-1865.1,-1973,-1865.1,-1688.9,-1585.1,-2250.2,-2320.2,-2569.5,-3027.4,-3330.1,-3027.4,-2569.5,-2320.2,-3260.8,-3407.8,-3957.3,-5086.8,-5906,-5086.8,-3957.3,-3407.8,-4600.8,-4878.3,-5979.4,-8549,-10541,-8549,-5979.4,-4878.3,-6051.3,-6503.7,-8407.1,-13380,-17170,-13380,-8407.1,-6503.7,-7060.3,-7654.9,-10260,-17524,-22678,-17524,-10260,-7654.9,-7060.3,-7654.9,-10260,-17524,-22678,-17524,-10260,-7654.9,-6051.3,-6503.7,-8407.1,-13380,-17170,-13380,-8407.1,-6503.7,-4600.8,-4878.3,-5979.4,-8549,-10541,-8549,-5979.4,-4878.3,-3260.8,-3407.8,-3957.3,-5086.8,-5906,-5086.8,-3957.3,-3407.8,-2250.2,-2320.2,-2569.5,-3027.4,-3330.1,-3027.4,-2569.5,-2320.2,-1555.1,-1585.1,-1688.9,-1865.1,-1973,-1865.1,-1688.9,-1585.1,-1092.2,-1102.8,-1140.1,-1202,-1238.4,-1202,-1140.1,-1102.8,-784.06,-785.7,-793.71,-809.63,-819.42,-809.63,-793.71,-785.7
-783.29,-784.89,-792.94,-809.25,-819.37,-809.25,-792.94,-784.89,-1090.2,-1100.8,-1138.6,-1202,-1239.6,-1202,-1138.6,-1100.8,-1550.5,-1580.6,-1685.7,-1866.2,-1977.8,-1866.2,-1685.7,-1580.6,-2240.3,-2310.4,-2562.2,-3031.5,-3345.5,-3031.5,-2562.2,-2310.4,-3240.7,-3387.4,-3941,-5098.8,-5951,-5098.8,-3941,-3387.4,-4563.4,-4839.5,-5945.3,-8581.9,-10659,-8581.9,-5945.3,-4839.5,-5991.4,-6440.1,-8346.7,-13462,-17414,-13462,-8346.7,-6440.1,-6982.8,-7571.5,-10178,-17669,-23033,-17669,-10178,-7571.5,-6982.8,-7571.5,-10178,-17669,-23033,-17669,-10178,-7571.5,-5991.4,-6440.1,-8346.7,-13462,-17414,-13462,-8346.7,-6440.1,-4563.4,-4839.5,-5945.3,-8581.9,-10659,-8581.9,-5945.3,-4839.5,-3240.7,-3387.4,-3941,-5098.8,-5951,-5098.8,-3941,-3387.4,-2240.3,-2310.4,-2562.2,-3031.5,-3345.5,-3031.5,-2562.2,-2310.4,-1550.5,-1580.6,-1685.7,-1866.2,-1977.8,-1866.2,-1685.7,-1580.6,-1090.2,-1100.8,-1138.6,-1202,-1239.6,-1202,-1138.6,-1100.8,-783.29,-784.89,-792.94,-809.25,-819.37,-809.25,-792.94,-784.89
-782.53,-784.07,-792.16,-808.85,-819.3,-808.85,-792.16,-784.07,-1088.2,-1098.8,-1137,-1201.9,-1240.7,-1201.9,-1137,-1098.8,-1545.9,-1576.1,-1682.3,-1867.2,-1982.6,-1867.2,-1682.3,-1576.1,-2230.4,-2300.6,-2554.7,-3035.3,-3360.8,-3035.3,-2554.7,-2300.6,-3220.7,-3367.1,-3924.4,-5110.4,-5996.4,-5110.4,-3924.4,-3367.1,-4526.5,-4801,-5910.5,-8614.1,-10779,-8614.1,-5910.5,-4801,-5932.3,-6377.1,-8285.1,-13543,-17661,-13543,-8285.1,-6377.1,-6906.6,-7488.8,-10094,-17815,-23395,-17815,-10094,-7488.8,-6906.6,-7488.8,-10094,-17815,-23395,-17815,-10094,-7488.8,-5932.3,-6377.1,-8285.1,-13543,-17661,-13543,-8285.1,-6377.1,-4526.5,-4801,-5910.5,-8614.1,-10779,-8614.1,-5910.5,-4801,-3220.7,-3367.1,-3924.4,-5110.4,-5996.4,-5110.4,-3924.4,-3367.1,-2230.4,-2300.6,-2554.7,-3035.3,-3360.8,-3035.3,-2554.7,-2300.6,-1545.9,-1576.1,-1682.3,-1867.2,-1982.6,-1867.2,-1682.3,-1576.1,-1088.2,-1098.8,-1137,-1201.9,-1240.7,-1201.9,-1137,-1098.8,-782.53,-784.07,-792.16,-808.85,-819.3,-808.85,-792.16,-784.07
-781.75,-783.25,-791.36,-808.44,-819.21,-808.44,-791.36,-783.25,-1086.1,-1096.8,-1135.4,-1201.8,-1241.9,-1201.8,-1135.4,-1096.8,-1541.3,-1571.6,-1678.9,-1868.1,-1987.4,-1868.1,-1678.9,-1571.6,-2220.6,-2290.8,-2547.2,-3039.1,-3376.3,-3039.1,-2547.2,-2290.8,-3200.9,-3346.9,-3907.4,-5121.6,-6042.1,-5121.6,-3907.4,-3346.9,-4489.9,-4762.8,-5875.2,-8645.5,-10900,-8645.5,-5875.2,-4762.8,-5874.1,-6314.6,-8222.4,-13624,-17913,-13624,-8222.4,-6314.6,-6831.5,-7407.1,-10008,-17962,-23763,-17962,-10008,-7407.1,-6831.5,-7407.1,-10008,-17962,-23763,-17962,-10008,-7407.1,-5874.1,-6314.6,-8222.4,-13624,-17913,-13624,-8222.4,-6314.6,-4489.9,-4762.8,-5875.2,-8645.5,-10900,-8645.5,-5875.2,-4762.8,-3200.9,-3346.9,-3907.4,-5121.6,-6042.1,-5121.6,-3907.4,-3346.9,-2220.6,-2290.8,-2547.2,-3039.1,-3376.3,-3039.1,-2547.2,-2290.8,-1541.3,-1571.6,-1678.9,-1868.1,-1987.4,-1868.1,-1678.9,-1571.6,-1086.1,-1096.8,-1135.4,-1201.8,-1241.9,-1201.8,-1135.4,-1096.8,-781.75,-783.25,-791.36,-808.44,-819.21,-808.44,-791.36,-783.25
-780.97,-782.41,-790.54,-808,-819.12,-808,-790.54,-782.41,-1084.1,-1094.8,-1133.7,-1201.7,-1243,-1201.7,-1133.7,-1094.8,-1536.8,-1567.1,-1675.4,-1868.9,-1992.2,-1868.9,-1675.4,-1567.1,-2210.8,-2281,-2539.4,-3042.6,-3391.8,-3042.6,-2539.4,-2281,-3181.3,-3326.8,-3890.2,-5132.4,-6088.4,-5132.4,-3890.2,-3326.8,-4453.8,-4724.8,-5839.2,-8676.2,-11023,-8676.2,-5839.2,-4724.8,-5816.8,-6252.7,-8158.5,-13704,-18169,-13704,-8158.5,-6252.7,-6757.7,-7326.2,-9920.1,-18110,-24137,-18110,-9920.1,-7326.2,-6757.7,-7326.2,-9920.1,-18110,-24137,-18110,-9920.1,-7326.2,-5816.8,-6252.7,-8158.5,-13704,-18169,-13704,-8158.5,-6252.7,-4453.8,-4724.8,-5839.2,-8676.2,-11023,-8676.2,-5839.2,-4724.8,-3181.3,-3326.8,-3890.2,-5132.4,-6088.4,-5132.4,-3890.2,-3326.8,-2210.8,-2281,-2539.4,-3042.6,-3391.8,-3042.6,-2539.4,-2281,-1536.8,-1567.1,-1675.4,-1868.9,-1992.2,-1868.9,-1675.4,-1567.1,-1084.1,-1094.8,-1133.7,-1201.7,-1243,-1201.7,-1133.7,-1094.8,-780.97,-782.41,-790.54,-808,-819.12,-808,-790.54,-782.41
-780.19,-781.57,-789.7,-807.55,-819.01,-807.55,-789.7,-781.57,-1082.1,-1092.7,-1132,-1201.5,-1244.1,-1201.5,-1132,-1092.7,-1532.2,-1562.5,-1671.8,-1869.7,-1996.9,-1869.7,-1671.8,-1562.5,-2201.1,-2271.3,-2531.6,-3046,-3407.4,-3046,-2531.6,-2271.3,-3161.8,-3306.8,-3872.7,-5142.9,-6135,-5142.9,-3872.7,-3306.8,-4418.2,-4687.1,-5802.7,-8706,-11147,-8706,-5802.7,-4687.1,-5760.3,-6191.5,-8093.5,-13783,-18429,-13783,-8093.5,-6191.5,-6685,-7246.2,-9830.9,-18260,-24517,-18260,-9830.9,-7246.2,-6685,-7246.2,-9830.9,-18260,-24517,-18260,-9830.9,-7246.2,-5760.3,-6191.5,-8093.5,-13783,-18429,-13783,-8093.5,-6191.5,-4418.2,-4687.1,-5802.7,-8706,-11147,-8706,-5802.7,-4687.1,-3161.8,-3306.8,-3872.7,-5142.9,-6135,-5142.9,-3872.7,-3306.8,-2201.1,-2271.3,-2531.6,-3046,-3407.4,-3046,-2531.6,-2271.3,-1532.2,-1562.5,-1671.8,-1869.7,-1996.9,-1869.7,-1671.8,-1562.5,-1082.1,-1092.7,-1132,-1201.5,-1244.1,-1201.5,-1132,-1092.7,-780.19,-781.57,-789.7,-807.55,-819.01,-807.55,-789.7,-781.57
-779.39,-780.72,-788.85,-807.08,-818.88,-807.08,-788.85,-780.72,-1080.1,-1090.7,-1130.3,-1201.3,-1245.2,-1201.3,-1130.3,-1090.7,-1527.6,-1558,-1668.2,-1870.4,-2001.7,-1870.4,-1668.2,-1558,-2191.5,-2261.5,-2523.6,-3049.2,-3423,-3049.2,-2523.6,-2261.5,-3142.6,-3286.9,-3855,-5152.8,-6182.1,-5152.8,-3855,-3286.9,-4382.9,-4649.6,-5765.6,-8735.1,-11274,-8735.1,-5765.6,-4649.6,-5704.5,-6130.8,-8027.4,-13862,-18692,-13862,-8027.4,-6130.8,-6613.4,-7167,-9740,-18410,-24903,-18410,-9740,-7167,-6613.4,-7167,-9740,-18410,-24903,-18410,-9740,-7167,-5704.5,-6130.8,-8027.4,-13862,-18692,-13862,-8027.4,-6130.8,-4382.9,-4649.6,-5765.6,-8735.1,-11274,-8735.1,-5765.6,-4649.6,-3142.6,-3286.9,-3855,-5152.8,-6182.1,-5152.8,-3855,-3286.9,-2191.5,-2261.5,-2523.6,-3049.2,-3423,-3049.2,-2523.6,-2261.5,-1527.6,-1558,-1668.2,-1870.4,-2001.7,-1870.4,-1668.2,-1558,-1080.1,-1090.7,-1130.3,-1201.3,-1245.2,-1201.3,-1130.3,-1090.7,-779.39,-780.72,-788.85,-807.08,-818.88,-807.08,-788.85,-780.72
-778.6,-779.86,-787.98,-806.59,-818.74,-806.59,-787.98,-779.86,-1078.1,-1088.6,-1128.6,-1201.1,-1246.3,-1201.1,-1128.6,-1088.6,-1523.1,-1553.4,-1664.6,-1871,-2006.4,-1871,-1664.6,-1553.4,-2181.9,-2251.8,-2515.5,-3052.2,-3438.7,-3052.2,-2515.5,-2251.8,-3123.4,-3267,-3836.9,-5162.4,-6229.6,-5162.4,-3836.9,-3267,-4348.1,-4612.5,-5727.9,-8763.2,-11402,-8763.2,-5727.9,-4612.5,-5649.6,-6070.7,-7960.3,-13941,-18960,-13941,-7960.3,-6070.7,-6543,-7088.7,-9647.4,-18563,-25295,-18563,-9647.4,-7088.7,-6543,-7088.7,-9647.4,-18563,-25295,-18563,-9647.4,-7088.7,-5649.6,-6070.7,-7960.3,-13941,-18960,-13941,-7960.3,-6070.7,-4348.1,-4612.5,-5727.9,-8763.2,-11402,-8763.2,-5727.9,-4612.5,-3123.4,-3267,-3836.9,-5162.4,-6229.6,-5162.4,-3836.9,-3267,-2181.9,-2251.8,-2515.5,-3052.2,-3438.7,-3052.2,-2515.5,-2251.8,-1523.1,-1553.4,-1664.6,-1871,-2006.4,-1871,-1664.6,-1553.4,-1078.1,-1088.6,-1128.6,-1201.1,-1246.3,-1201.1,-1128.6,-1088.6,-778.6,-779.86,-787.98,-806.59,-818.74,-806.59,-787.98,-779.86
-777.8,-778.99,-787.1,-806.08,-818.59,-806.08,-787.1,-778.99,-1076.1,-1086.6,-1126.8,-1200.8,-1247.3,-1200.8,-1126.8,-1086.6,-1518.6,-1548.8,-1660.8,-1871.5,-2011.2,-1871.5,-1660.8,-1548.8,-2172.3,-2242,-2507.2,-3055,-3454.4,-3055,-2507.2,-2242,-3104.5,-3247.3,-3818.6,-5171.5,-6277.5,-5171.5,-3818.6,-3247.3,-4313.7,-4575.6,-5689.8,-8790.5,-11531,-8790.5,-5689.8,-4575.6,-5595.5,-6011.1,-7892.1,-14019,-19232,-14019,-7892.1,-6011.1,-6473.6,-7011.3,-9553.3,-18716,-25694,-18716,-9553.3,-7011.3,-6473.6,-7011.3,-9553.3,-18716,-25694,-18716,-9553.3,-7011.3,-5595.5,-6011.1,-7892.1,-14019,-19232,-14019,-7892.1,-6011.1,-4313.7,-4575.6,-5689.8,-8790.5,-11531,-8790.5,-5689.8,-4575.6,-3104.5,-3247.3,-3818.6,-5171.5,-6277.5,-5171.5,-3818.6,-3247.3,-2172.3,-2242,-2507.2,-3055,-3454.4,-3055,-2507.2,-2242,-1518.6,-1548.8,-1660.8,-1871.5,-2011.2,-1871.5,-1660.8,-1548.8,-1076.1,-1086.6,-1126.8,-1200.8,-1247.3,-1200.8,-1126.8,-1086.6,-777.8,-778.99,-787.1,-806.08,-818.59,-806.08,-787.1,-778.99
-776.99,-778.11,-786.2,-805.55,-818.42,-805.55,-786.2,-778.11,-1074,-1084.5,-1125,-1200.5,-1248.3,-1200.5,-1125,-1084.5,-1514,-1544.2,-1657,-1872,-2015.9,-1872,-1657,-1544.2,-2162.8,-2232.3,-2498.8,-3057.7,-3470.2,-3057.7,-2498.8,-2232.3,-3085.7,-3227.6,-3800.1,-5180.2,-6325.9,-5180.2,-3800.1,-3227.6,-4279.6,-4539,-5651,-8816.9,-11663,-8816.9,-5651,-4539,-5542.1,-5952.2,-7823,-14096,-19509,-14096,-7823,-5952.2,-6405.4,-6934.8,-9457.6,-18872,-26099,-18872,-9457.6,-6934.8,-6405.4,-6934.8,-9457.6,-18872,-26099,-18872,-9457.6,-6934.8,-5542.1,-5952.2,-7823,-14096,-19509,-14096,-7823,-5952.2,-4279.6,-4539,-5651,-8816.9,-11663,-8816.9,-5651,-4539,-3085.7,-3227.6,-3800.1,-5180.2,-6325.9,-5180.2,-3800.1,-3227.6,-2162.8,-2232.3,-2498.8,-3057.7,-3470.2,-3057.7,-2498.8,-2232.3,-1514,-1544.2,-1657,-1872,-2015.9,-1872,-1657,-1544.2,-1074,-1084.5,-1125,-1200.5,-1248.3,-1200.5,-1125,-1084.5,-776.99,-778.11,-786.2,-805.55,-818.42,-805.55,-786.2,-778.11
-776.18,-777.23,-785.29,-805.01,-818.24,-805.01,-785.29,-777.23,-1072,-1082.4,-1123.2,-1200.2,-1249.4,-1200.2,-1123.2,-1082.4,-1509.5,-1539.7,-1653.2,-1872.4,-2020.6,-1872.4,-1653.2,-1539.7,-2153.4,-2222.6,-2490.3,-3060.1,-3486,-3060.1,-2490.3,-2222.6,-3067.1,-3208,-3781.3,-5188.4,-6374.8,-5188.4,-3781.3,-3208,-4246,-4502.6,-5611.8,-8842.3,-11796,-8842.3,-5611.8,-4502.6,-5489.4,-5893.9,-7752.8,-14172,-19789,-14172,-7752.8,-5893.9,-6338.2,-6859.1,-9360.5,-19029,-26510,-19029,-9360.5,-6859.1,-6338.2,-6859.1,-9360.5,-19029,-26510,-19029,-9360.5,-6859.1,-5489.4,-5893.9,-7752.8,-14172,-19789,-14172,-7752.8,-5893.9,-4246,-4502.6,-5611.8,-8842.3,-11796,-8842.3,-5611.8,-4502.6,-3067.1,-3208,-3781.3,-5188.4,-6374.8,-5188.4,-3781.3,-3208,-2153.4,-2222.6,-2490.3,-3060.1,-3486,-3060.1,-2490.3,-2222.6,-1509.5,-1539.7,-1653.2,-1872.4,-2020.6,-1872.4,-1653.2,-1539.7,-1072,-1082.4,-1123.2,-1200.2,-1249.4,-1200.2,-1123.2,-1082.4,-776.18,-777.23,-785.29,-805.01,-818.24,-805.01,-785.29,-777.23
-775.36,-776.33,-784.36,-804.45,-818.05,-804.45,-784.36,-776.33,-1070,-1080.3,-1121.4,-1199.8,-1250.4,-1199.8,-1121.4,-1080.3,-1505,-1535.1,-1649.2,-1872.7,-2025.2,-1872.7,-1649.2,-1535.1,-2144,-2212.9,-2481.7,-3062.4,-3502,-3062.4,-2481.7,-2212.9,-3048.6,-3188.5,-3762.2,-5196.1,-6424.1,-5196.1,-3762.2,-3188.5,-4212.8,-4466.5,-5572.1,-8866.8,-11931,-8866.8,-5572.1,-4466.5,-5437.5,-5836.1,-7681.7,-14247,-20074,-14247,-7681.7,-5836.1,-6272,-6784.2,-9261.8,-19187,-26928,-19187,-9261.8,-6784.2,-6272,-6784.2,-9261.8,-19187,-26928,-19187,-9261.8,-6784.2,-5437.5,-5836.1,-7681.7,-14247,-20074,-14247,-7681.7,-5836.1,-4212.8,-4466.5,-5572.1,-8866.8,-11931,-8866.8,-5572.1,-4466.5,-3048.6,-3188.5,-3762.2,-5196.1,-6424.1,-5196.1,-3762.2,-3188.5,-2144,-2212.9,-2481.7,-3062.4,-3502,-3062.4,-2481.7,-2212.9,-1505,-1535.1,-1649.2,-1872.7,-2025.2,-1872.7,-1649.2,-1535.1,-1070,-1080.3,-1121.4,-1199.8,-1250.4,-1199.8,-1121.4,-1080.3,-775.36,-776.33,-784.36,-804.45,-818.05,-804.45,-784.36,-776.33
-774.54,-775.43,-783.42,-803.87,-817.84,-803.87,-783.42,-775.43,-1067.9,-1078.2,-1119.5,-1199.4,-1251.3,-1199.4,-1119.5,-1078.2,-1500.5,-1530.5,-1645.3,-1872.9,-2029.9,-1872.9,-1645.3,-1530.5,-2134.7,-2203.3,-2473,-3064.5,-3517.9,-3064.5,-2473,-2203.3,-3030.3,-3169.1,-3742.9,-5203.4,-6473.8,-5203.4,-3742.9,-3169.1,-4179.9,-4430.8,-5531.9,-8890.2,-12068,-8890.2,-5531.9,-4430.8,-5386.3,-5778.9,-7609.7,-14322,-20363,-14322,-7609.7,-5778.9,-6206.9,-6710.3,-9161.7,-19347,-27353,-19347,-9161.7,-6710.3,-6206.9,-6710.3,-9161.7,-19347,-27353,-19347,-9161.7,-6710.3,-5386.3,-5778.9,-7609.7,-14322,-20363,-14322,-7609.7,-5778.9,-4179.9,-4430.8,-5531.9,-8890.2,-12068,-8890.2,-5531.9,-4430.8,-3030.3,-3169.1,-3742.9,-5203.4,-6473.8,-5203.4,-3742.9,-3169.1,-2134.7,-2203.3,-2473,-3064.5,-3517.9,-3064.5,-2473,-2203.3,-1500.5,-1530.5,-1645.3,-1872.9,-2029.9,-1872.9,-1645.3,-1530.5,-1067.9,-1078.2,-1119.5,-1199.4,-1251.3,-1199.4,-1119.5,-1078.2,-774.54,-775.43,-783.42,-803.87,-817.84,-803.87,-783.42,-775.43
-773.71,-774.52,-782.46,-803.27,-817.61,-803.27,-782.46,-774.52,-1065.9,-1076.1,-1117.6,-1198.9,-1252.3,-1198.9,-1117.6,-1076.1,-1496.1,-1525.9,-1641.2,-1873,-2034.5,-1873,-1641.2,-1525.9,-2125.4,-2193.6,-2464.1,-3066.4,-3533.9,-3066.4,-2464.1,-2193.6,-3012.1,-3149.8,-3723.4,-5210.1,-6524,-5210.1,-3723.4,-3149.8,-4147.4,-4395.2,-5491.3,-8912.5,-12207,-8912.5,-5491.3,-4395.2,-5335.9,-5722.3,-7536.8,-14396,-20657,-14396,-7536.8,-5722.3,-6142.7,-6637.1,-9060.3,-19509,-27784,-19509,-9060.3,-6637.1,-6142.7,-6637.1,-9060.3,-19509,-27784,-19509,-9060.3,-6637.1,-5335.9,-5722.3,-7536.8,-14396,-20657,-14396,-7536.8,-5722.3,-4147.4,-4395.2,-5491.3,-8912.5,-12207,-8912.5,-5491.3,-4395.2,-3012.1,-3149.8,-3723.4,-5210.1,-6524,-5210.1,-3723.4,-3149.8,-2125.4,-2193.6,-2464.1,-3066.4,-3533.9,-3066.4,-2464.1,-2193.6,-1496.1,-1525.9,-1641.2,-1873,-2034.5,-1873,-1641.2,-1525.9,-1065.9,-1076.1,-1117.6,-1198.9,-1252.3,-1198.9,-1117.6,-1076.1,-773.71,-774.52,-782.46,-803.27,-817.61,-803.27,-782.46,-774.52
-772.88,-773.61,-781.48,-802.65,-817.37,-802.65,-781.48,-773.61,-1063.9,-1074,-1115.6,-1198.4,-1253.2,-1198.4,-1115.6,-1074,-1491.6,-1521.3,-1637.1,-1873.1,-2039.2,-1873.1,-1637.1,-1521.3,-2116.2,-2184,-2455.2,-3068,-3550,-3068,-2455.2,-2184,-2994.1,-3130.6,-3703.6,-5216.4,-6574.6,-5216.4,-3703.6,-3130.6,-4115.3,-4360,-5450.1,-8933.8,-12348,-8933.8,-5450.1,-4360,-5286.1,-5666.3,-7463.1,-14469,-20955,-14469,-7463.1,-5666.3,-6079.5,-6564.9,-8957.5,-19672,-28223,-19672,-8957.5,-6564.9,-6079.5,-6564.9,-8957.5,-19672,-28223,-19672,-8957.5,-6564.9,-5286.1,-5666.3,-7463.1,-14469,-20955,-14469,-7463.1,-5666.3,-4115.3,-4360,-5450.1,-8933.8,-12348,-8933.8,-5450.1,-4360,-2994.1,-3130.6,-3703.6,-5216.4,-6574.6,-5216.4,-3703.6,-3130.6,-2116.2,-2184,-2455.2,-3068,-3550,-3068,-2455.2,-2184,-1491.6,-1521.3,-1637.1,-1873.1,-2039.2,-1873.1,-1637.1,-1521.3,-1063.9,-1074,-1115.6,-1198.4,-1253.2,-1198.4,-1115.6,-1074,-772.88,-773.61,-781.48,-802.65,-817.37,-802.65,-781.48,-773.61
-772.04,-772.68,-780.49,-802.01,-817.11,-802.01,-780.49,-772.68,-1061.8,-1071.9,-1113.7,-1197.9,-1254.1,-1197.9,-1113.7,-1071.9,-1487.1,-1516.7,-1633,-1873,-2043.8,-1873,-1633,-1516.7,-2107,-2174.4,-2446.1,-3069.5,-3566.1,-3069.5,-2446.1,-2174.4,-2976.3,-3111.5,-3683.6,-5222.1,-6625.7,-5222.1,-3683.6,-3111.5,-4083.6,-4325.1,-5408.6,-8954,-12490,-8954,-5408.6,-4325.1,-5237,-5610.8,-7388.5,-14540,-21257,-14540,-7388.5,-5610.8,-6017.3,-6493.4,-8853.5,-19838,-28668,-19838,-8853.5,-6493.4,-6017.3,-6493.4,-8853.5,-19838,-28668,-19838,-8853.5,-6493.4,-5237,-5610.8,-7388.5,-14540,-21257,-14540,-7388.5,-5610.8,-4083.6,-4325.1,-5408.6,-8954,-12490,-8954,-5408.6,-4325.1,-2976.3,-3111.5,-3683.6,-5222.1,-6625.7,-5222.1,-3683.6,-3111.5,-2107,-2174.4,-2446.1,-3069.5,-3566.1,-3069.5,-2446.1,-2174.4,-1487.1,-1516.7,-1633,-1873,-2043.8,-1873,-1633,-1516.7,-1061.8,-1071.9,-1113.7,-1197.9,-1254.1,-1197.9,-1113.7,-1071.9,-772.04,-772.68,-780.49,-802.01,-817.11,-802.01,-780.49,-772.68
-771.2,-771.75,-779.48,-801.36,-816.84,-801.36,-779.48,-771.75,-1059.8,-1069.7,-1111.7,-1197.3,-1255,-1197.3,-1111.7,-1069.7,-1482.7,-1512.1,-1628.8,-1872.9,-2048.4,-1872.9,-1628.8,-1512.1,-2097.8,-2164.8,-2436.9,-3070.8,-3582.3,-3070.8,-2436.9,-2164.8,-2958.6,-3092.5,-3663.4,-5227.4,-6677.3,-5227.4,-3663.4,-3092.5,-4052.2,-4290.4,-5366.6,-8973,-12635,-8973,-5366.6,-4290.4,-5188.6,-5556,-7313.1,-14611,-21564,-14611,-7313.1,-5556,-5956,-6422.8,-8748.2,-20005,-29120,-20005,-8748.2,-6422.8,-5956,-6422.8,-8748.2,-20005,-29120,-20005,-8748.2,-6422.8,-5188.6,-5556,-7313.1,-14611,-21564,-14611,-7313.1,-5556,-4052.2,-4290.4,-5366.6,-8973,-12635,-8973,-5366.6,-4290.4,-2958.6,-3092.5,-3663.4,-5227.4,-6677.3,-5227.4,-3663.4,-3092.5,-2097.8,-2164.8,-2436.9,-3070.8,-3582.3,-3070.8,-2436.9,-2164.8,-1482.7,-1512.1,-1628.8,-1872.9,-2048.4,-1872.9,-1628.8,-1512.1,-1059.8,-1069.7,-1111.7,-1197.3,-1255,-1197.3,-1111.7,-1069.7,-771.2,-771.75,-779.48,-801.36,-816.84,-801.36,-779.48,-771.75
-770.35,-770.81,-778.46,-800.68,-816.56,-800.68,-778.46,-770.81,-1057.8,-1067.6,-1109.6,-1196.7,-1255.9,-1196.7,-1109.6,-1067.6,-1478.3,-1507.4,-1624.5,-1872.7,-2053,-1872.7,-1624.5,-1507.4,-2088.8,-2155.2,-2427.6,-3071.9,-3598.6,-3071.9,-2427.6,-2155.2,-2941.1,-3073.6,-3643,-5232.1,-6729.3,-5232.1,-3643,-3073.6,-4021.1,-4256,-5324.3,-8990.7,-12781,-8990.7,-5324.3,-4256,-5140.9,-5501.7,-7237,-14681,-21875,-14681,-7237,-5501.7,-5895.7,-6353.1,-8641.8,-20174,-29579,-20174,-8641.8,-6353.1,-5895.7,-6353.1,-8641.8,-20174,-29579,-20174,-8641.8,-6353.1,-5140.9,-5501.7,-7237,-14681,-21875,-14681,-7237,-5501.7,-4021.1,-4256,-5324.3,-8990.7,-12781,-8990.7,-5324.3,-4256,-2941.1,-3073.6,-3643,-5232.1,-6729.3,-5232.1,-3643,-3073.6,-2088.8,-2155.2,-2427.6,-3071.9,-3598.6,-3071.9,-2427.6,-2155.2,-1478.3,-1507.4,-1624.5,-1872.7,-2053,-1872.7,-1624.5,-1507.4,-1057.8,-1067.6,-1109.6,-1196.7,-1255.9,-1196.7,-1109.6,-1067.6,-770.35,-770.81,-778.46,-800.68,-816.56,-800.68,-778.46,-770.81
-769.5,-769.86,-777.43,-799.99,-816.26,-799.99,-777.43,-769.86,-1055.7,-1065.4,-1107.6,-1196.1,-1256.7,-1196.1,-1107.6,-1065.4,-1473.8,-1502.8,-1620.2,-1872.4,-2057.5,-1872.4,-1620.2,-1502.8,-2079.7,-2145.7,-2418.2,-3072.7,-3614.9,-3072.7,-2418.2,-2145.7,-2923.7,-3054.8,-3622.4,-5236.2,-6781.8,-5236.2,-3622.4,-3054.8,-3990.5,-4221.9,-5281.5,-9007.3,-12929,-9007.3,-5281.5,-4221.9,-5093.8,-5448,-7160.2,-14749,-22191,-14749,-7160.2,-5448,-5836.2,-6284.2,-8534.3,-20345,-30045,-20345,-8534.3,-6284.2,-5836.2,-6284.2,-8534.3,-20345,-30045,-20345,-8534.3,-6284.2,-5093.8,-5448,-7160.2,-14749,-22191,-14749,-7160.2,-5448,-3990.5,-4221.9,-5281.5,-9007.3,-12929,-9007.3,-5281.5,-4221.9,-2923.7,-3054.8,-3622.4,-5236.2,-6781.8,-5236.2,-3622.4,-3054.8,-2079.7,-2145.7,-2418.2,-3072.7,-3614.9,-3072.7,-2418.2,-2145.7,-1473.8,-1502.8,-1620.2,-1872.4,-2057.5,-1872.4,-1620.2,-1502.8,-1055.7,-1065.4,-1107.6,-1196.1,-1256.7,-1196.1,-1107.6,-1065.4,-769.5,-769.86,-777.43,-799.99,-816.26,-799.99,-777.43,-769.86
-768.65,-768.91,-776.38,-799.28,-815.94,-799.28,-776.38,-768.91,-1053.7,-1063.3,-1105.5,-1195.4,-1257.5,-1195.4,-1105.5,-1063.3,-1469.4,-1498.2,-1615.9,-1872.1,-2062,-1872.1,-1615.9,-1498.2,-2070.7,-2136.2,-2408.7,-3073.4,-3631.2,-3073.4,-2408.7,-2136.2,-2906.4,-3036.1,-3601.6,-5239.8,-6834.8,-5239.8,-3601.6,-3036.1,-3960.1,-4188.1,-5238.4,-9022.5,-13079,-9022.5,-5238.4,-4188.1,-5047.3,-5394.8,-7082.7,-14815,-22512,-14815,-7082.7,-5394.8,-5777.6,-6216.1,-8425.7,-20518,-30519,-20518,-8425.7,-6216.1,-5777.6,-6216.1,-8425.7,-20518,-30519,-20518,-8425.7,-6216.1,-5047.3,-5394.8,-7082.7,-14815,-22512,-14815,-7082.7,-5394.8,-3960.1,-4188.1,-5238.4,-9022.5,-13079,-9022.5,-5238.4,-4188.1,-2906.4,-3036.1,-3601.6,-5239.8,-6834.8,-5239.8,-3601.6,-3036.1,-2070.7,-2136.2,-2408.7,-3073.4,-3631.2,-3073.4,-2408.7,-2136.2,-1469.4,-1498.2,-1615.9,-1872.1,-2062,-1872.1,-1615.9,-1498.2,-1053.7,-1063.3,-1105.5,-1195.4,-1257.5,-1195.4,-1105.5,-1063.3,-768.65,-768.91,-776.38,-799.28,-815.94,-799.28,-776.38,-768.91
-767.79,-767.95,-775.31,-798.55,-815.61,-798.55,-775.31,-767.95,-1051.6,-1061.1,-1103.4,-1194.7,-1258.3,-1194.7,-1103.4,-1061.1,-1465,-1493.6,-1611.4,-1871.6,-2066.6,-1871.6,-1611.4,-1493.6,-2061.8,-2126.7,-2399.1,-3073.8,-3647.6,-3073.8,-2399.1,-2126.7,-2889.3,-3017.5,-3580.6,-5242.8,-6888.2,-5242.8,-3580.6,-3017.5,-3930.1,-4154.5,-5194.9,-9036.4,-13231,-9036.4,-5194.9,-4154.5,-5001.5,-5342.2,-7004.6,-14881,-22837,-14881,-7004.6,-5342.2,-5719.9,-6148.8,-8316.2,-20693,-31000,-20693,-8316.2,-6148.8,-5719.9,-6148.8,-8316.2,-20693,-31000,-20693,-8316.2,-6148.8,-5001.5,-5342.2,-7004.6,-14881,-22837,-14881,-7004.6,-5342.2,-3930.1,-4154.5,-5194.9,-9036.4,-13231,-9036.4,-5194.9,-4154.5,-2889.3,-3017.5,-3580.6,-5242.8,-6888.2,-5242.8,-3580.6,-3017.5,-2061.8,-2126.7,-2399.1,-3073.8,-3647.6,-3073.8,-2399.1,-2126.7,-1465,-1493.6,-1611.4,-1871.6,-2066.6,-1871.6,-1611.4,-1493.6,-1051.6,-1061.1,-1103.4,-1194.7,-1258.3,-1194.7,-1103.4,-1061.1,-767.79,-767.95,-775.31,-798.55,-815.61,-798.55,-775.31,-767.95
